1 0.16913659793814434 0.4462242562929062 0.05262027491408935 0.09439359267734554
1 0.14228951890034364 0.5227402745995423 0.04402920962199313 0.05863844393592677
1 0.35277061855670105 0.5484839816933639 0.05906357388316151 0.06721967963386728
1 0.30927835051546393 0.6149885583524027 0.04725085910652921 0.07151029748283753
1 0.21799828178694158 0.670766590389016 0.06013745704467354 0.060068649885583525
1 0.4214991408934708 0.6915045766590389 0.05262027491408935 0.05577803203661327
1 0.2190721649484536 0.8116418764302059 0.045103092783505154 0.06435926773455378
1 0.18954037800687284 0.8459668192219679 0.05262027491408935 0.04719679633867277
1 0.2818943298969072 0.897454233409611 0.05262027491408935 0.05863844393592677
1 0.5653994845360825 0.6750572082379863 0.04832474226804124 0.08295194508009153
1 0.7060781786941581 0.6271453089244852 0.04832474226804124 0.05863844393592677
1 0.7785652920962199 0.6671910755148741 0.03651202749140894 0.05577803203661327
1 0.8247422680412371 0.8395308924485125 0.03436426116838488 0.05148741418764302
1 0.6029853951890034 0.8910183066361556 0.03758591065292096 0.06578947368421052
1 0.5696950171821306 0.9560926773455377 0.05262027491408935 0.06149885583524028
1 0.6964132302405498 0.9568077803203662 0.04832474226804124 0.05434782608695652
1 0.7506443298969072 0.9733981693363845 0.040807560137457045 0.05320366132723112
1 0.8354810996563574 0.9698226544622426 0.0429553264604811 0.060354691075514874
1 0.8795103092783505 0.8760011441647597 0.05369415807560137 0.04433638443935927
1 0.8816580756013745 0.4848398169336384 0.0429553264604811 0.06578947368421052
1 0.8268900343642611 0.44693935926773454 0.04939862542955326 0.07580091533180779
1 0.821520618556701 0.5491990846681922 0.0429553264604811 0.060068649885583525
1 0.779639175257732 0.590675057208238 0.04725085910652921 0.060068649885583525
1 0.7254080756013745 0.5341819221967964 0.05047250859106529 0.05005720823798627
1 0.7066151202749141 0.4762585812356979 0.04725085910652921 0.05148741418764302
1 0.7114475945017182 0.40117276887871856 0.03329037800687285 0.08438215102974829
1 0.6443298969072165 0.17877574370709381 0.05798969072164949 0.06578947368421052
1 0.5702319587628866 0.05148741418764302 0.06013745704467354 0.06292906178489703
1 0.3699527491408935 0.2867562929061785 0.039733676975945015 0.06435926773455378
1 0.3162585910652921 0.3732837528604119 0.06765463917525773 0.09153318077803203
1 0.5186855670103093 0.33895881006864986 0.03865979381443299 0.060068649885583525
1 0.8574957044673539 0.08938787185354691 0.05047250859106529 0.05005720823798627
1 0.8381658075601375 0.13515446224256292 0.05906357388316151 0.04719679633867277
1 0.8327963917525774 0.1995137299771167 0.04402920962199313 0.04719679633867277
1 0.8080970790378007 0.23955949656750572 0.0547680412371134 0.06435926773455378
1 0.7527920962199313 0.23955949656750572 0.03651202749140894 0.06149885583524028
1 0.8634020618556701 0.31965102974828374 0.045103092783505154 0.06435926773455378
1 0.8156142611683849 0.33395308924485123 0.04188144329896907 0.07580091533180779
1 0.6534579037800687 0.5613558352402745 0.05262027491408935 0.07866132723112128
1 0.6212414089347079 0.5942505720823799 0.05047250859106529 0.06721967963386728
1 0.742053264604811 0.8981693363844394 0.04725085910652921 0.05148741418764302
1 0.6958762886597938 0.8602688787185355 0.04725085910652921 0.08152173913043478
