1 0.14604810996563575 0.5234553775743707 0.04939862542955326 0.060068649885583525
1 0.31088917525773196 0.6092677345537757 0.04402920962199313 0.06864988558352403
1 0.35062285223367695 0.5470537757437071 0.06550687285223368 0.08724256292906178
1 0.42042525773195877 0.6893592677345538 0.0547680412371134 0.06864988558352403
1 0.5643256013745704 0.6757723112128147 0.0547680412371134 0.10440503432494279
1 0.6158719931271478 0.5806636155606407 0.06765463917525773 0.06292906178489703
1 0.7076890034364262 0.4719679633867277 0.045103092783505154 0.060068649885583525
1 0.8145403780068728 0.5456235697940504 0.04832474226804124 0.07008009153318077
1 0.7731958762886598 0.6621853546910755 0.05154639175257732 0.060068649885583525
1 0.7297036082474226 0.5913901601830663 0.04188144329896907 0.06149885583524028
1 0.7023195876288659 0.6257151029748284 0.05154639175257732 0.06721967963386728
1 0.6974871134020618 0.851687643020595 0.04832474226804124 0.0929633867276888
1 0.5670103092783505 0.9525171624713958 0.05584192439862543 0.06864988558352403
1 0.27867268041237114 0.8924485125858124 0.04832474226804124 0.060068649885583525
1 0.21638745704467355 0.8094965675057209 0.04832474226804124 0.060068649885583525
1 0.1873926116838488 0.8395308924485125 0.0547680412371134 0.060068649885583525
1 0.2614905498281787 0.03360983981693364 0.04188144329896907 0.06149885583524028
1 0.5718427835051546 0.052917620137299774 0.061211340206185565 0.06864988558352403
1 0.8532001718213058 0.09081807780320367 0.05906357388316151 0.05005720823798627
1 0.8392396907216495 0.13729977116704806 0.05906357388316151 0.04862700228832952
1 0.8327963917525774 0.20022883295194507 0.04402920962199313 0.05434782608695652
1 0.8011168384879725 0.24170480549199086 0.06013745704467354 0.07723112128146453
1 0.7501073883161512 0.23955949656750572 0.03758591065292096 0.05863844393592677
1 0.8150773195876289 0.3382437070938215 0.0429553264604811 0.07866132723112128
1 0.8569587628865979 0.31607551487414187 0.04725085910652921 0.07437070938215103
1 0.5165378006872853 0.34253432494279173 0.03436426116838488 0.06149885583524028
1 0.3704896907216495 0.289616704805492 0.040807560137457045 0.08438215102974829
