1 0.14497422680412372 0.5198798627002288 0.04725085910652921 0.05577803203661327
1 0.311963058419244 0.6164187643020596 0.05047250859106529 0.06864988558352403
1 0.3538445017182131 0.5520594965675057 0.06335910652920962 0.07151029748283753
1 0.42042525773195877 0.693649885583524 0.05906357388316151 0.06292906178489703
1 0.5659364261168385 0.670766590389016 0.05154639175257732 0.09153318077803203
1 0.6180197594501718 0.5885297482837528 0.06765463917525773 0.06721967963386728
1 0.6937285223367697 0.5649313501144165 0.03865979381443299 0.06292906178489703
1 0.7055412371134021 0.6314359267734554 0.04939862542955326 0.06149885583524028
1 0.7753436426116839 0.6643306636155606 0.045103092783505154 0.05863844393592677
1 0.2190721649484536 0.8102116704805492 0.03865979381443299 0.052917620137299774
1 0.19222508591065293 0.842391304347826 0.05154639175257732 0.05434782608695652
1 0.28296821305841924 0.8981693363844394 0.056915807560137456 0.057208237986270026
1 0.5702319587628866 0.9525171624713958 0.05369415807560137 0.06292906178489703
1 0.5970790378006873 0.8752860411899314 0.05798969072164949 0.060068649885583525
1 0.6980240549828178 0.8631292906178489 0.04939862542955326 0.07008009153318077
1 0.7495704467353952 0.9231979405034325 0.04725085910652921 0.041475972540045765
1 0.7484965635738832 0.9712528604118993 0.05154639175257732 0.057494279176201375
1 0.8778994845360825 0.8752860411899314 0.0547680412371134 0.05434782608695652
1 0.822594501718213 0.5520594965675057 0.04939862542955326 0.060068649885583525
1 0.37210051546391754 0.28604118993135014 0.04402920962199313 0.07151029748283753
1 0.5181486254295533 0.3439645308924485 0.04832474226804124 0.06149885583524028
1 0.5718427835051546 0.0550629290617849 0.06765463917525773 0.06721967963386728
1 0.7082259450171822 0.4741132723112128 0.046176975945017185 0.05863844393592677
1 0.8156142611683849 0.3403890160183066 0.039733676975945015 0.07723112128146453
1 0.8596434707903781 0.3210812356979405 0.046176975945017185 0.07294050343249428
1 0.7527920962199313 0.2424199084668192 0.03651202749140894 0.06435926773455378
1 0.8059493127147767 0.24098970251716248 0.0547680412371134 0.07580091533180779
1 0.8327963917525774 0.20451945080091533 0.04188144329896907 0.04862700228832952
1 0.8376288659793815 0.13801487414187644 0.05154639175257732 0.05005720823798627
1 0.8564218213058419 0.0929633867276888 0.0547680412371134 0.04862700228832952
