1 0.14551116838487974 0.5213100686498856 0.04832474226804124 0.05863844393592677
1 0.31035223367697595 0.6157036613272311 0.04939862542955326 0.06721967963386728
1 0.35277061855670105 0.5506292906178489 0.0547680412371134 0.07437070938215103
1 0.4209621993127148 0.6957951945080092 0.05154639175257732 0.05577803203661327
1 0.5675472508591065 0.676487414187643 0.05047250859106529 0.08867276887871854
1 0.6196305841924399 0.5878146453089245 0.06443298969072164 0.06578947368421052
1 0.6990979381443299 0.5556350114416476 0.03651202749140894 0.06721967963386728
1 0.7092998281786942 0.4719679633867277 0.05047250859106529 0.05434782608695652
1 0.822057560137457 0.5477688787185355 0.046176975945017185 0.06864988558352403
1 0.779639175257732 0.665045766590389 0.04725085910652921 0.05434782608695652
1 0.7044673539518901 0.6292906178489702 0.04939862542955326 0.057208237986270026
1 0.6990979381443299 0.851687643020595 0.040807560137457045 0.08152173913043478
1 0.5992268041237113 0.8874427917620137 0.045103092783505154 0.07008009153318077
1 0.5680841924398625 0.9568077803203662 0.05154639175257732 0.06864988558352403
1 0.2818943298969072 0.897454233409611 0.05262027491408935 0.06149885583524028
1 0.18846649484536082 0.8481121281464531 0.03758591065292096 0.04862700228832952
1 0.21799828178694158 0.8066361556064073 0.045103092783505154 0.06864988558352403
1 0.7490335051546392 0.9224828375286042 0.04832474226804124 0.034324942791762014
1 0.7501073883161512 0.9741132723112128 0.04188144329896907 0.05177345537757437
1 0.8757517182130584 0.8760011441647597 0.05906357388316151 0.04719679633867277
1 0.8166881443298969 0.33466819221967964 0.039733676975945015 0.06864988558352403
1 0.8634020618556701 0.32036613272311215 0.040807560137457045 0.06864988558352403
1 0.3699527491408935 0.2846109839816934 0.03758591065292096 0.06292906178489703
1 0.5165378006872853 0.34324942791762014 0.04939862542955326 0.060068649885583525
1 0.5739905498281787 0.05434782608695652 0.06980240549828179 0.06864988558352403
1 0.8569587628865979 0.09153318077803203 0.05798969072164949 0.04862700228832952
1 0.8392396907216495 0.13515446224256292 0.05906357388316151 0.041475972540045765
1 0.8322594501718213 0.20094393592677345 0.04725085910652921 0.052917620137299774
1 0.8027276632302406 0.2402745995423341 0.05906357388316151 0.06578947368421052
1 0.7533290378006873 0.24170480549199086 0.039733676975945015 0.06292906178489703
