1 0.14228951890034364 0.5241704805491991 0.046176975945017185 0.05863844393592677
1 0.31035223367697595 0.6185640732265446 0.0429553264604811 0.05863844393592677
1 0.35330756013745707 0.5506292906178489 0.05369415807560137 0.06864988558352403
1 0.3865979381443299 0.5198798627002288 0.03221649484536082 0.07294050343249428
1 0.42042525773195877 0.6972254004576659 0.0547680412371134 0.05577803203661327
1 0.5643256013745704 0.676487414187643 0.056915807560137456 0.08581235697940504
1 0.6207044673539519 0.5885297482837528 0.06013745704467354 0.06721967963386728
1 0.6948024054982818 0.5613558352402745 0.03865979381443299 0.07008009153318077
1 0.7055412371134021 0.6321510297482837 0.04725085910652921 0.060068649885583525
1 0.779102233676976 0.6643306636155606 0.03758591065292096 0.05577803203661327
1 0.820446735395189 0.5470537757437071 0.045103092783505154 0.06435926773455378
1 0.8172250859106529 0.335383295194508 0.03651202749140894 0.07008009153318077
1 0.21746134020618557 0.8094965675057209 0.04188144329896907 0.057208237986270026
1 0.19007731958762886 0.8488272311212814 0.0429553264604811 0.041475972540045765
1 0.27974656357388317 0.8981693363844394 0.05262027491408935 0.057208237986270026
1 0.5691580756013745 0.9553775743707094 0.05154639175257732 0.06292906178489703
1 0.5943943298969072 0.8824370709382151 0.056915807560137456 0.057208237986270026
1 0.6990979381443299 0.857408466819222 0.040807560137457045 0.07294050343249428
1 0.7479596219931272 0.9253432494279176 0.04188144329896907 0.04290617848970252
1 0.7506443298969072 0.976258581235698 0.0429553264604811 0.04748283752860412
1 0.8768256013745704 0.8788615560640732 0.05262027491408935 0.04433638443935927
1 0.313036941580756 0.3704233409610984 0.06765463917525773 0.09725400457665904
1 0.3715635738831615 0.2889016018306636 0.03221649484536082 0.07151029748283753
1 0.5208333333333334 0.34110411899313503 0.03651202749140894 0.06435926773455378
1 0.5723797250859106 0.05077231121281465 0.06013745704467354 0.06435926773455378
1 0.8564218213058419 0.08938787185354691 0.056915807560137456 0.041475972540045765
1 0.8397766323024055 0.13372425629290619 0.05584192439862543 0.04433638443935927
1 0.8349441580756014 0.2023741418764302 0.04188144329896907 0.04719679633867277
1 0.8032646048109966 0.23955949656750572 0.05798969072164949 0.06435926773455378
1 0.7517182130584192 0.24098970251716248 0.03436426116838488 0.06149885583524028
1 0.8634020618556701 0.323941647597254 0.040807560137457045 0.07008009153318077
1 0.7119845360824743 0.47339816933638446 0.045103092783505154 0.05148741418764302
