1 0.14497422680412372 0.5241704805491991 0.0429553264604811 0.05577803203661327
1 0.311963058419244 0.6178489702517163 0.03758591065292096 0.060068649885583525
1 0.21799828178694158 0.8087814645308925 0.0429553264604811 0.05863844393592677
1 0.18954037800687284 0.8459668192219679 0.04832474226804124 0.04719679633867277
1 0.2808204467353952 0.8988844393592678 0.046176975945017185 0.06149885583524028
1 0.4182774914089347 0.6979405034324943 0.05906357388316151 0.05434782608695652
1 0.35760309278350516 0.5520594965675057 0.05369415807560137 0.07151029748283753
1 0.3162585910652921 0.3704233409610984 0.06980240549828179 0.09725400457665904
1 0.37371134020618557 0.28747139588100684 0.03436426116838488 0.07151029748283753
1 0.5149269759450171 0.3439645308924485 0.039733676975945015 0.05577803203661327
1 0.5707689003436426 0.05077231121281465 0.05906357388316151 0.06149885583524028
1 0.8585695876288659 0.09224828375286041 0.056915807560137456 0.05005720823798627
1 0.8387027491408935 0.13515446224256292 0.05584192439862543 0.04433638443935927
1 0.5670103092783505 0.676487414187643 0.04939862542955326 0.08867276887871854
1 0.6153350515463918 0.5878146453089245 0.06013745704467354 0.06292906178489703
1 0.6937285223367697 0.5627860411899314 0.03651202749140894 0.07580091533180779
1 0.7044673539518901 0.6300057208237986 0.0429553264604811 0.052917620137299774
1 0.7780283505154639 0.6664759725400458 0.039733676975945015 0.05148741418764302
1 0.822057560137457 0.5470537757437071 0.039733676975945015 0.06149885583524028
1 0.7087628865979382 0.47554347826086957 0.0429553264604811 0.05005720823798627
1 0.7527920962199313 0.2402745995423341 0.03221649484536082 0.057208237986270026
1 0.8048754295532646 0.2424199084668192 0.05262027491408935 0.06721967963386728
1 0.8333333333333334 0.20380434782608695 0.040807560137457045 0.052917620137299774
1 0.8591065292096219 0.3210812356979405 0.045103092783505154 0.06435926773455378
1 0.8166881443298969 0.3360983981693364 0.03758591065292096 0.07723112128146453
1 0.5997637457044673 0.8874427917620137 0.03758591065292096 0.06149885583524028
1 0.5675472508591065 0.954662471395881 0.05262027491408935 0.06435926773455378
1 0.6990979381443299 0.8545480549199085 0.0429553264604811 0.07580091533180779
1 0.7452749140893471 0.9231979405034325 0.05798969072164949 0.041475972540045765
1 0.7506443298969072 0.9755434782608695 0.0429553264604811 0.04891304347826087
1 0.8301116838487973 0.9691075514874142 0.04725085910652921 0.06178489702517163
1 0.8795103092783505 0.8760011441647597 0.05154639175257732 0.04719679633867277
