1 0.17396907216494845 0.4505148741418764 0.06013745704467354 0.09153318077803203
1 0.14604810996563575 0.5234553775743707 0.0429553264604811 0.05434782608695652
1 0.35652920962199314 0.5484839816933639 0.05584192439862543 0.07294050343249428
1 0.31088917525773196 0.6106979405034325 0.04402920962199313 0.06864988558352403
1 0.31464776632302405 0.37113844393592677 0.06872852233676977 0.09010297482837529
1 0.3699527491408935 0.28818649885583525 0.03329037800687285 0.07008009153318077
1 0.4225730240549828 0.693649885583524 0.056915807560137456 0.04862700228832952
1 0.2190721649484536 0.8087814645308925 0.04939862542955326 0.06435926773455378
1 0.19329896907216496 0.8431064073226545 0.04725085910652921 0.05005720823798627
1 0.2818943298969072 0.8931636155606407 0.04832474226804124 0.06435926773455378
1 0.5670103092783505 0.9503718535469108 0.04939862542955326 0.06149885583524028
1 0.6013745704467354 0.8817219679633868 0.03865979381443299 0.07008009153318077
1 0.6969501718213058 0.8538329519450801 0.040807560137457045 0.07151029748283753
1 0.7458118556701031 0.9210526315789473 0.04402920962199313 0.034324942791762014
1 0.7479596219931272 0.9726830663615561 0.04188144329896907 0.05463386727688787
1 0.8338702749140894 0.9683924485125858 0.04402920962199313 0.06321510297482838
1 0.8757517182130584 0.8724256292906178 0.05262027491408935 0.04576659038901602
1 0.5653994845360825 0.6729118993135011 0.05262027491408935 0.08438215102974829
1 0.6142611683848798 0.5878146453089245 0.062285223367697595 0.06864988558352403
1 0.6910438144329897 0.5649313501144165 0.03758591065292096 0.06864988558352403
1 0.7007087628865979 0.6300057208237986 0.04832474226804124 0.05577803203661327
1 0.7721219931271478 0.5885297482837528 0.05369415807560137 0.07866132723112128
1 0.8188359106529209 0.5484839816933639 0.039733676975945015 0.06721967963386728
1 0.7774914089347079 0.665045766590389 0.03865979381443299 0.04862700228832952
1 0.7092998281786942 0.4748283752860412 0.04832474226804124 0.05434782608695652
1 0.5149269759450171 0.34324942791762014 0.035438144329896906 0.057208237986270026
1 0.5670103092783505 0.05363272311212815 0.05584192439862543 0.07008009153318077
1 0.8537371134020618 0.09582379862700229 0.05584192439862543 0.04576659038901602
1 0.8365549828178694 0.13944508009153317 0.05369415807560137 0.038615560640732266
1 0.8317225085910653 0.20451945080091533 0.039733676975945015 0.04576659038901602
1 0.8021907216494846 0.2424199084668192 0.05154639175257732 0.06435926773455378
1 0.8580326460481099 0.3210812356979405 0.045103092783505154 0.06149885583524028
1 0.8129295532646048 0.3418192219679634 0.040807560137457045 0.060068649885583525
1 0.7710481099656358 0.329662471395881 0.04725085910652921 0.05863844393592677
1 0.7501073883161512 0.24098970251716248 0.03758591065292096 0.06149885583524028
