1 0.5702319587628866 0.052202517162471394 0.062285223367697595 0.06721967963386728
1 0.3694158075601375 0.28532608695652173 0.03221649484536082 0.07008009153318077
1 0.1712843642611684 0.44979977116704806 0.05906357388316151 0.09010297482837529
1 0.14282646048109965 0.5248855835240275 0.04725085910652921 0.05434782608695652
1 0.35706615120274915 0.5527745995423341 0.05262027491408935 0.07294050343249428
1 0.31035223367697595 0.6185640732265446 0.045103092783505154 0.05863844393592677
1 0.41935137457044674 0.6943649885583524 0.05262027491408935 0.05577803203661327
1 0.21585051546391754 0.8102116704805492 0.045103092783505154 0.05577803203661327
1 0.19061426116838487 0.8466819221967964 0.04402920962199313 0.04576659038901602
1 0.27867268041237114 0.897454233409611 0.04832474226804124 0.05863844393592677
1 0.5675472508591065 0.9560926773455377 0.05047250859106529 0.06149885583524028
1 0.6024484536082474 0.8881578947368421 0.03436426116838488 0.06292906178489703
1 0.7001718213058419 0.8602688787185355 0.0429553264604811 0.07294050343249428
1 0.5664733676975945 0.676487414187643 0.04832474226804124 0.08295194508009153
1 0.6158719931271478 0.5892448512585813 0.05906357388316151 0.060068649885583525
1 0.6948024054982818 0.5663615560640732 0.03865979381443299 0.06864988558352403
1 0.7066151202749141 0.4741132723112128 0.045103092783505154 0.05005720823798627
1 0.5149269759450171 0.34324942791762014 0.026847079037800686 0.057208237986270026
1 0.8773625429553265 0.48197940503432496 0.045103092783505154 0.06292906178489703
1 0.8242053264604811 0.5527745995423341 0.03758591065292096 0.05577803203661327
1 0.779639175257732 0.5956807780320366 0.04725085910652921 0.06721967963386728
1 0.780176116838488 0.6679061784897025 0.039733676975945015 0.05148741418764302
1 0.31411082474226804 0.36970823798627 0.06980240549828179 0.09010297482837529
1 0.39787371134020616 0.4204805491990847 0.04188144329896907 0.057208237986270026
1 0.7479596219931272 0.920337528604119 0.04188144329896907 0.041475972540045765
1 0.7495704467353952 0.9755434782608695 0.040807560137457045 0.04891304347826087
1 0.8360180412371134 0.9676773455377574 0.04188144329896907 0.06464530892448513
1 0.8778994845360825 0.8760011441647597 0.05262027491408935 0.04719679633867277
1 0.7544029209621993 0.2424199084668192 0.031142611683848798 0.06149885583524028
1 0.8596434707903781 0.09153318077803203 0.05906357388316151 0.04576659038901602
1 0.8397766323024055 0.13515446224256292 0.05369415807560137 0.04433638443935927
1 0.8344072164948454 0.20094393592677345 0.0429553264604811 0.05005720823798627
1 0.8038015463917526 0.2402745995423341 0.056915807560137456 0.06864988558352403
1 0.8585695876288659 0.318220823798627 0.039733676975945015 0.06149885583524028
1 0.8161512027491409 0.33752860411899316 0.040807560137457045 0.06864988558352403
