1 0.17450601374570446 0.4505148741418764 0.0547680412371134 0.08295194508009153
1 0.14443728522336768 0.5234553775743707 0.04402920962199313 0.04862700228832952
1 0.21585051546391754 0.6736270022883295 0.062285223367697595 0.06578947368421052
1 0.30927835051546393 0.6171338672768879 0.045103092783505154 0.05863844393592677
1 0.35330756013745707 0.5506292906178489 0.05369415807560137 0.07151029748283753
1 0.4225730240549828 0.6986556064073226 0.0547680412371134 0.052917620137299774
1 0.22068298969072164 0.8130720823798627 0.04188144329896907 0.05577803203661327
1 0.19007731958762886 0.8438215102974829 0.0429553264604811 0.04576659038901602
1 0.27545103092783507 0.8988844393592678 0.05262027491408935 0.05577803203661327
1 0.5718427835051546 0.9568077803203662 0.04832474226804124 0.06292906178489703
1 0.6013745704467354 0.8881578947368421 0.03865979381443299 0.06292906178489703
1 0.6985609965635738 0.8559782608695652 0.039733676975945015 0.07866132723112128
1 0.740979381443299 0.8995995423340961 0.04939862542955326 0.04862700228832952
1 0.6974871134020618 0.9575228832951945 0.04832474226804124 0.05863844393592677
1 0.7517182130584192 0.9748283752860412 0.045103092783505154 0.05034324942791762
1 0.8354810996563574 0.9698226544622426 0.04725085910652921 0.060354691075514874
1 0.8805841924398625 0.8752860411899314 0.05369415807560137 0.04862700228832952
1 0.8247422680412371 0.8359553775743707 0.03436426116838488 0.06149885583524028
1 0.313573883161512 0.3704233409610984 0.06443298969072164 0.09153318077803203
1 0.35169673539518903 0.3589816933638444 0.03758591065292096 0.08867276887871854
1 0.3699527491408935 0.28175057208237986 0.03329037800687285 0.06292906178489703
1 0.5707689003436426 0.05363272311212815 0.0547680412371134 0.06435926773455378
1 0.6448668384879725 0.17448512585812356 0.0547680412371134 0.05434782608695652
1 0.6314432989690721 0.2166762013729977 0.03651202749140894 0.06435926773455378
1 0.7544029209621993 0.23955949656750572 0.031142611683848798 0.05863844393592677
1 0.8344072164948454 0.20094393592677345 0.045103092783505154 0.052917620137299774
1 0.8381658075601375 0.13443935926773457 0.05262027491408935 0.04576659038901602
1 0.8548109965635738 0.08938787185354691 0.05798969072164949 0.05577803203661327
1 0.8048754295532646 0.24170480549199086 0.056915807560137456 0.07151029748283753
1 0.8601804123711341 0.31965102974828374 0.03865979381443299 0.06435926773455378
1 0.8161512027491409 0.33752860411899316 0.03865979381443299 0.06864988558352403
1 0.8295747422680413 0.4483695652173913 0.04832474226804124 0.07580091533180779
1 0.8816580756013745 0.4826945080091533 0.04725085910652921 0.06149885583524028
1 0.8258161512027491 0.5477688787185355 0.0429553264604811 0.060068649885583525
1 0.782860824742268 0.5985411899313501 0.04939862542955326 0.06721967963386728
1 0.5670103092783505 0.6750572082379863 0.05154639175257732 0.08581235697940504
1 0.6131872852233677 0.5870995423340961 0.06013745704467354 0.06721967963386728
1 0.6529209621993127 0.5627860411899314 0.05369415807560137 0.08724256292906178
1 0.7221864261168385 0.5306064073226545 0.0547680412371134 0.05434782608695652
1 0.7050042955326461 0.6271453089244852 0.05047250859106529 0.06721967963386728
1 0.779102233676976 0.6700514874141876 0.03758591065292096 0.05577803203661327
1 0.7114475945017182 0.40331807780320367 0.035438144329896906 0.08009153318077804
1 0.7092998281786942 0.4741132723112128 0.05262027491408935 0.05005720823798627
1 0.5192225085910653 0.3439645308924485 0.035438144329896906 0.06721967963386728
