1 0.3715635738831615 0.7165331807780321 0.0429553264604811 0.04576659038901602
1 0.19383591065292097 0.25886727688787187 0.06765463917525773 0.08581235697940504
1 0.2974656357388316 0.26673340961098396 0.05369415807560137 0.08152173913043478
1 0.35760309278350516 0.3060640732265446 0.05154639175257732 0.09725400457665904
1 0.40378006872852235 0.23526887871853547 0.0665807560137457 0.07866132723112128
1 0.6121134020618557 0.09868421052631579 0.07731958762886598 0.07723112128146453
1 0.6201675257731959 0.03217963386727689 0.04832474226804124 0.052917620137299774
1 0.820983676975945 0.11227116704805493 0.04188144329896907 0.06721967963386728
1 0.6330541237113402 0.4998569794050343 0.07195017182130584 0.07866132723112128
1 0.6829896907216495 0.6993707093821511 0.04939862542955326 0.08867276887871854
1 0.12779209621993126 0.1358695652173913 0.05369415807560137 0.08581235697940504
1 0.15732388316151202 0.05363272311212815 0.05047250859106529 0.0929633867276888
1 0.20994415807560138 0.08009153318077804 0.06550687285223368 0.060068649885583525
1 0.4064647766323024 0.06221395881006865 0.04188144329896907 0.08724256292906178
1 0.34525343642611683 0.03074942791762014 0.05906357388316151 0.05577803203661327
