1 0.4095533536585366 0.14258725649350648 0.056911585365853654 0.06358360389610389
1 0.2865853658536585 0.2909902597402597 0.06097560975609756 0.07305194805194805
1 0.21087347560975608 0.2732690746753247 0.04369817073170732 0.10010957792207792
1 0.16117835365853658 0.31737012987012986 0.049795731707317076 0.0689935064935065
1 0.16565091463414636 0.5125811688311688 0.056911585365853654 0.048701298701298704
1 0.2282515243902439 0.5850913149350649 0.06199085365853659 0.05005275974025974
1 0.627032012195122 0.711038961038961 0.052844512195121957 0.044642857142857144
1 0.7556905487804878 0.7191558441558441 0.049795731707317076 0.060876623376623376
1 0.7602637195121951 0.46536728896103896 0.04064939024390244 0.07846185064935066
1 0.8532515243902439 0.42288961038961037 0.08028353658536586 0.08522727272727272
1 0.8611783536585366 0.22186079545454543 0.05589329268292683 0.062228084415584424
1 0.1921753048780488 0.08333400974025973 0.056911585365853654 0.055466720779220775
1 0.23739786585365852 0.4929646915584415 0.05589329268292683 0.05005275974025974
1 0.20426829268292682 0.40733157467532466 0.054878048780487805 0.07846185064935066
1 0.28617835365853656 0.39759131493506494 0.07418597560975611 0.07846185064935066
1 0.24329268292682926 0.15543831168831168 0.08231707317073171 0.06493506493506493
1 0.25660518292682927 0.19074675324675325 0.049795731707317076 0.08928571428571429
1 0.3227637195121951 0.029084821428571425 0.07418597560975611 0.05005275974025974
1 0.7885167682926829 0.17234780844155845 0.06300914634146342 0.08252029220779221
1 0.8634146341463415 0.06168831168831169 0.057926829268292686 0.052759740259740256
1 0.8623978658536585 0.12932832792207793 0.05589329268292683 0.05005275974025974
1 0.7082317073170732 0.03449675324675325 0.036585365853658534 0.060876623376623376
1 0.5863826219512195 0.9349289772727273 0.06910670731707316 0.07846185064935066
1 0.5075198170731707 0.8962398538961039 0.049795731707317076 0.055466720779220775
1 0.7445121951219512 0.8463210227272727 0.04573170731707317 0.06358360389610389
1 0.8475609756097561 0.8135815746753247 0.04878048780487805 0.07440340909090909
1 0.8052850609756098 0.8191294642857143 0.035570121951219516 0.08793425324675325
1 0.7266265243902439 0.799512987012987 0.032521341463414635 0.048701298701298704
1 0.6930899390243902 0.8590361201298701 0.044716463414634144 0.062228084415584424
1 0.6543704268292683 0.8786525974025974 0.032521341463414635 0.07711038961038962
1 0.7088414634146342 0.9403409090909091 0.04573170731707317 0.048701298701298704
1 0.7515243902439024 0.6141781655844156 0.04573170731707317 0.059525162337662335
1 0.8678856707317073 0.5451846590909091 0.06503963414634147 0.06764204545454545
1 0.8684954268292683 0.6791132305194806 0.049795731707317076 0.05140827922077922
1 0.8211387195121951 0.64515625 0.06300914634146342 0.08657873376623378
1 0.8347560975609756 0.3457792207792208 0.06402439024390244 0.052759740259740256
