1 0.20511168384879724 0.3961670480549199 0.07302405498281787 0.06292906178489703
1 0.14390034364261167 0.8967391304347826 0.05798969072164949 0.10011441647597254
1 0.2759879725085911 0.7608695652173914 0.06443298969072164 0.07723112128146453
1 0.2496778350515464 0.6721967963386728 0.08913230240549828 0.06864988558352403
1 0.6867482817869416 0.07365560640732266 0.07624570446735396 0.07580091533180779
1 0.779639175257732 0.16375858123569795 0.04939862542955326 0.08724256292906178
1 0.6980240549828178 0.5027173913043478 0.062285223367697595 0.1015446224256293
1 0.8612542955326461 0.6621853546910755 0.05584192439862543 0.08867276887871854
1 0.8478307560137457 0.8123569794050344 0.05262027491408935 0.11155606407322655
1 0.34954896907216493 0.9533752860411899 0.0740979381443299 0.09324942791762014
1 0.5600300687285223 0.9633867276887872 0.06765463917525773 0.07322654462242563
1 0.7017826460481099 0.9503718535469108 0.08054123711340207 0.06721967963386728
1 0.7603092783505154 0.9253432494279176 0.05154639175257732 0.10869565217391304
