1 0.36646341463414633 0.2041396103896104 0.06402439024390244 0.07305194805194805
1 0.2605685975609756 0.40800933441558446 0.05589329268292683 0.10416801948051949
1 0.7048780487804878 0.43844764610389614 0.057926829268292686 0.0919926948051948
1 0.24888262195121952 0.2463474025974026 0.06300914634146342 0.07305194805194805
1 0.16148323170731707 0.5323315746753247 0.0467469512195122 0.041935876623376625
1 0.2636173780487805 0.5263798701298701 0.04369817073170732 0.08116883116883117
1 0.17998018292682927 0.3340097402597403 0.056911585365853654 0.08116883116883117
1 0.7403460365853659 0.2842268668831169 0.08435060975609757 0.0919926948051948
1 0.8263216463414634 0.29640219155844155 0.0508140243902439 0.07575892857142856
1 0.7906509146341464 0.09537337662337662 0.06300914634146342 0.060876623376623376
1 0.8362804878048781 0.470643262987013 0.06707317073170732 0.09469561688311688
1 0.7788612804878049 0.39637378246753247 0.08028353658536586 0.07846185064935066
1 0.7824192073170732 0.5274614448051947 0.056911585365853654 0.07846185064935066
1 0.33902439024390246 0.6838474025974026 0.07621951219512195 0.07711038961038962
1 0.15965396341463414 0.5818445616883117 0.07723475609756097 0.054111201298701304
1 0.11626067073170733 0.7575750811688311 0.0782530487804878 0.062228084415584424
1 0.5274390243902439 0.7568993506493507 0.06097560975609756 0.0689935064935065
1 0.5636173780487804 0.827922077922078 0.05589329268292683 0.08116883116883117
1 0.6316051829268292 0.8304931006493507 0.06199085365853659 0.0919926948051948
1 0.5082317073170731 0.859172077922078 0.07926829268292683 0.056818181818181816
1 0.4181905487804878 0.8271103896103896 0.0863810975609756 0.07711038961038962
1 0.7093490853658536 0.7839549512987013 0.06503963414634147 0.09875405844155845
1 0.685467987804878 0.6170190746753247 0.0782530487804878 0.07575892857142856
1 0.6142271341463414 0.6945353084415584 0.06199085365853659 0.08793425324675325
1 0.8471539634146341 0.8787885551948053 0.07418597560975611 0.12040178571428573
1 0.45884146341463417 0.9272179383116883 0.057926829268292686 0.09063717532467533
1 0.3230685975609756 0.8517309253246753 0.0467469512195122 0.06628652597402598
1 0.26483689024390245 0.8480783279220779 0.05589329268292683 0.1028125
1 0.174390243902439 0.8557893668831169 0.051829268292682924 0.09063717532467533
1 0.6173780487804879 0.052759740259740256 0.051829268292682924 0.08116883116883117
1 0.4625 0.03923092532467533 0.06707317073170732 0.07034496753246754
1 0.25101676829268293 0.08252232142857142 0.07520426829268292 0.0919926948051948
