1 0.4880798969072165 0.26673340961098396 0.061211340206185565 0.09868421052631579
1 0.582581615120275 0.20451945080091533 0.04832474226804124 0.08009153318077804
1 0.7667525773195877 0.31965102974828374 0.05798969072164949 0.09582379862700229
1 0.6846005154639175 0.6335812356979404 0.07624570446735396 0.08867276887871854
1 0.8349441580756014 0.7808924485125858 0.05906357388316151 0.08295194508009153
1 0.6121134020618557 0.8237986270022883 0.045103092783505154 0.060068649885583525
1 0.5702319587628866 0.7708810068649885 0.05584192439862543 0.09725400457665904
1 0.10416666666666667 0.7923340961098398 0.07087628865979381 0.060068649885583525
1 0.12886597938144329 0.8817219679633868 0.06013745704467354 0.09868421052631579
1 0.21692439862542956 0.8481121281464531 0.06013745704467354 0.10297482837528604
1 0.39250429553264604 0.7987700228832952 0.05047250859106529 0.06435926773455378
1 0.43921821305841924 0.8373855835240275 0.04939862542955326 0.1244279176201373
1 0.4961340206185567 0.7015160183066361 0.0429553264604811 0.08724256292906178
1 0.5202963917525774 0.6779176201372997 0.056915807560137456 0.06578947368421052
1 0.6803049828178694 0.9174771167048055 0.07195017182130584 0.07866132723112128
1 0.6024484536082474 0.948941647597254 0.06013745704467354 0.08724256292906178
