1 0.20242697594501718 0.39402173913043476 0.07195017182130584 0.06721967963386728
1 0.24753006872852235 0.6693363844393593 0.08483676975945018 0.06864988558352403
1 0.27276632302405496 0.7601544622425629 0.0665807560137457 0.07580091533180779
1 0.14658505154639176 0.8960240274599542 0.061211340206185565 0.1101258581235698
1 0.34149484536082475 0.9540903890160183 0.07087628865979381 0.09181922196796338
1 0.5562714776632303 0.9641018306636155 0.062285223367697595 0.07179633867276888
1 0.7044673539518901 0.9446510297482837 0.07087628865979381 0.08438215102974829
1 0.7597723367697594 0.926058352402746 0.04402920962199313 0.10440503432494279
1 0.8435352233676976 0.8102116704805492 0.04832474226804124 0.1015446224256293
1 0.8580326460481099 0.6629004576659039 0.05154639175257732 0.0929633867276888
1 0.6948024054982818 0.49842677345537756 0.05584192439862543 0.09582379862700229
1 0.782860824742268 0.16947940503432493 0.04725085910652921 0.09010297482837529
1 0.6813788659793815 0.06936498855835241 0.07195017182130584 0.07294050343249428
