1 0.19276202749140894 0.25886727688787187 0.06765463917525773 0.08295194508009153
1 0.28726374570446733 0.261012585812357 0.06335910652920962 0.06721967963386728
1 0.36136168384879724 0.31178489702517165 0.04832474226804124 0.10869565217391304
1 0.4070017182130584 0.23955949656750572 0.06013745704467354 0.07294050343249428
1 0.6094286941580757 0.10082951945080092 0.0740979381443299 0.09010297482837529
1 0.6212414089347079 0.03504004576659039 0.05262027491408935 0.05577803203661327
1 0.820446735395189 0.11370137299771167 0.045103092783505154 0.06435926773455378
1 0.15839776632302405 0.05363272311212815 0.05262027491408935 0.09582379862700229
1 0.12779209621993126 0.1423054919908467 0.05798969072164949 0.0929633867276888
1 0.2190721649484536 0.08509725400457666 0.07087628865979381 0.07580091533180779
1 0.3479381443298969 0.0464816933638444 0.06013745704467354 0.07008009153318077
1 0.40753865979381443 0.05935354691075515 0.039733676975945015 0.08724256292906178
1 0.6319802405498282 0.5020022883295194 0.0740979381443299 0.07151029748283753
1 0.6846005154639175 0.7008009153318078 0.04832474226804124 0.08581235697940504
1 0.36887886597938147 0.7172482837528604 0.04402920962199313 0.052917620137299774
