1 0.25619969512195123 0.22118506493506493 0.056911585365853654 0.08522727272727272
1 0.18191006097560974 0.3721590909090909 0.08942987804878048 0.06493506493506493
1 0.17266310975609758 0.8311688311688312 0.06910670731707316 0.060876623376623376
1 0.3724588414634146 0.728354301948052 0.049795731707317076 0.041935876623376625
1 0.3418704268292683 0.9017857142857143 0.041667682926829264 0.10146103896103896
1 0.29573170731707316 0.45535714285714285 0.04878048780487805 0.060876623376623376
1 0.7672759146341463 0.7178023538961039 0.04064939024390244 0.06628652597402598
1 0.7819100609756098 0.8095231331168831 0.07418597560975611 0.08252029220779221
1 0.7064024390243903 0.9280296266233766 0.06097560975609756 0.07034496753246754
1 0.401422256097561 0.8666132305194806 0.0467469512195122 0.09605113636363635
1 0.40650457317073174 0.9665848214285714 0.044716463414634144 0.058169642857142864
1 0.4467484756097561 0.9016497564935064 0.029472560975609758 0.06628652597402598
1 0.4811996951219512 0.9489995941558441 0.035570121951219516 0.055466720779220775
1 0.1438003048780488 0.6838474025974026 0.05589329268292683 0.10146103896103896
1 0.4579268292682927 0.03165584415584415 0.057926829268292686 0.060876623376623376
1 0.19867835365853656 0.28814935064935066 0.049795731707317076 0.056818181818181816
1 0.776016768292683 0.10687297077922077 0.04776524390243902 0.10010957792207792
1 0.7063003048780487 0.02922077922077922 0.07113719512195123 0.052759740259740256
1 0.48485823170731707 0.8772991071428571 0.032521341463414635 0.07440340909090909
1 0.5208338414634146 0.9065198863636363 0.05386280487804878 0.08657873376623378
1 0.5457317073170732 0.0899614448051948 0.036585365853658534 0.05005275974025974
1 0.5366875 0.041396103896103896 0.044716463414634144 0.07711038961038962
1 0.4980685975609756 0.07846387987012986 0.04064939024390244 0.06764204545454545
