1 0.16778506097560977 0.6109314123376623 0.044716463414634144 0.03923295454545454
1 0.2885167682926829 0.5769744318181818 0.03861890243902439 0.05005275974025974
1 0.26514176829268293 0.4713210227272727 0.034551829268292686 0.06358360389610389
1 0.30589481707317073 0.4803835227272727 0.03861890243902439 0.054111201298701304
1 0.24085365853658536 0.9320880681818182 0.04878048780487805 0.04599431818181818
1 0.20416615853658535 0.7385004058441559 0.06503963414634147 0.07034496753246754
1 0.5407515243902439 0.8319805194805194 0.04064939024390244 0.07305194805194805
1 0.276422256097561 0.03909699675324675 0.07113719512195123 0.07575892857142856
1 0.21585365853658536 0.13460430194805195 0.04573170731707317 0.058169642857142864
1 0.17083384146341465 0.2582528409090909 0.06300914634146342 0.05140827922077922
1 0.27439024390243905 0.174512987012987 0.054878048780487805 0.07305194805194805
1 0.3668704268292683 0.0238088474025974 0.03861890243902439 0.041935876623376625
1 0.4675807926829268 0.08860998376623376 0.052844512195121957 0.055466720779220775
1 0.6951219512195121 0.17586647727272725 0.06097560975609756 0.059525162337662335
1 0.7713414634146342 0.28016842532467534 0.042682926829268296 0.05140827922077922
1 0.837297256097561 0.10349025974025974 0.044716463414634144 0.09334415584415584
1 0.8428856707317073 0.6093080357142857 0.04369817073170732 0.06358360389610389
1 0.7484756097560976 0.7520292207792207 0.051829268292682924 0.07305194805194805
1 0.7971539634146342 0.826028814935065 0.04369817073170732 0.04734983766233766
1 0.5961387195121951 0.8150710227272727 0.029472560975609758 0.06358360389610389
1 0.6640243902439025 0.854301948051948 0.039634146341463415 0.052759740259740256
1 0.6864832317073171 0.7719155844155844 0.05589329268292683 0.08522727272727272
1 0.8159557926829268 0.9232954545454546 0.07520426829268292 0.08522727272727272
1 0.1946143292682927 0.39109780844155845 0.059960365853658534 0.07034496753246754
1 0.22459298780487805 0.8367146915584416 0.0467469512195122 0.05005275974025974
1 0.17845579268292683 0.8192633928571429 0.05386280487804878 0.06628652597402598
1 0.8099588414634146 0.3962398538961039 0.04064939024390244 0.05140827922077922
1 0.8496951219512195 0.37459415584415584 0.042682926829268296 0.06493506493506493
1 0.8464435975609756 0.4661789772727273 0.0508140243902439 0.05005275974025974
1 0.8287606707317073 0.2578469967532468 0.035570121951219516 0.055466720779220775
1 0.822560975609756 0.30370738636363637 0.039634146341463415 0.04734983766233766
1 0.4980685975609756 0.14880884740259742 0.0467469512195122 0.07034496753246754
1 0.5543704268292683 0.18655235389610392 0.041667682926829264 0.054111201298701304
1 0.5832317073170732 0.22943790584415585 0.036585365853658534 0.055466720779220775
1 0.4 0.21171469155844155 0.039634146341463415 0.05005275974025974
1 0.6218490853658536 0.7780032467532467 0.052844512195121957 0.07305194805194805
1 0.7287606707317074 0.4929646915584415 0.032521341463414635 0.058169642857142864
1 0.7409557926829269 0.5656107954545454 0.0508140243902439 0.08657873376623378
1 0.2819100609756097 0.25487012987012986 0.06199085365853659 0.060876623376623376
1 0.7056905487804878 0.8448315746753247 0.04369817073170732 0.058169642857142864
1 0.22459298780487805 0.2590645292207792 0.034551829268292686 0.06358360389610389
