1 0.19652061855670103 0.4869851258581236 0.0859106529209622 0.1530320366132723
1 0.14443728522336768 0.2917620137299771 0.08054123711340207 0.09439359267734554
1 0.39787371134020616 0.27531464530892447 0.046176975945017185 0.06149885583524028
1 0.36619415807560135 0.44693935926773454 0.03865979381443299 0.06435926773455378
1 0.4644544673539519 0.6972254004576659 0.06980240549828179 0.06149885583524028
1 0.5385524054982818 0.9210526315789473 0.07624570446735396 0.08009153318077804
1 0.7162800687285223 0.834525171624714 0.06872852233676977 0.07866132723112128
1 0.8435352233676976 0.8044908466819222 0.0740979381443299 0.08724256292906178
1 0.7313144329896907 0.9633867276887872 0.07302405498281787 0.07322654462242563
1 0.8494415807560137 0.4590961098398169 0.0859106529209622 0.11155606407322655
1 0.32109106529209624 0.1158466819221968 0.06013745704467354 0.07437070938215103
1 0.3549183848797251 0.05863844393592677 0.0547680412371134 0.11155606407322655
1 0.4837843642611684 0.09153318077803203 0.061211340206185565 0.12871853546910755
1 0.5492912371134021 0.05935354691075515 0.04188144329896907 0.09868421052631579
1 0.5992268041237113 0.11799199084668192 0.05798969072164949 0.1101258581235698
1 0.8279639175257731 0.08652745995423342 0.062285223367697595 0.07294050343249428
1 0.8499785223367697 0.27316933638443935 0.04832474226804124 0.08295194508009153
1 0.7039304123711341 0.1272883295194508 0.06550687285223368 0.06578947368421052
1 0.6094286941580757 0.41833524027459956 0.03329037800687285 0.09582379862700229
1 0.585803264604811 0.27745995423340963 0.046176975945017185 0.09153318077803203
1 0.6158719931271478 0.3210812356979405 0.05047250859106529 0.07580091533180779
1 0.5278135738831615 0.295337528604119 0.046176975945017185 0.06149885583524028
1 0.469286941580756 0.2810354691075515 0.06872852233676977 0.06149885583524028
1 0.11544243986254296 0.08652745995423342 0.039733676975945015 0.07008009153318077
1 0.11597938144329897 0.04433638443935927 0.06013745704467354 0.06864988558352403
1 0.36243556701030927 0.642162471395881 0.022551546391752577 0.08295194508009153
1 0.39733676975945015 0.6507437070938215 0.05798969072164949 0.07437070938215103
