1 0.7287606707317074 0.15760349025974024 0.06910670731707316 0.07170048701298701
1 0.7494923780487805 0.26636972402597403 0.05386280487804878 0.10010957792207792
1 0.7826219512195122 0.5798153409090909 0.054878048780487805 0.10687094155844155
1 0.3678856707317073 0.7306554383116883 0.052844512195121957 0.05140827922077922
1 0.7043704268292683 0.9293831168831169 0.06300914634146342 0.06493506493506493
1 0.7703246951219512 0.8948863636363636 0.052844512195121957 0.0689935064935065
1 0.8446143292682927 0.845643262987013 0.07520426829268292 0.062228084415584424
1 0.8413612804878049 0.9119318181818182 0.04064939024390244 0.08116883116883117
1 0.37510213414634147 0.21901988636363634 0.06910670731707316 0.07034496753246754
1 0.2942073170731707 0.45603287337662335 0.051829268292682924 0.054111201298701304
1 0.2530487804878049 0.224567775974026 0.04878048780487805 0.0919926948051948
1 0.26890243902439026 0.9200487012987013 0.04573170731707317 0.08928571428571429
1 0.3369923780487805 0.8902861201298701 0.041667682926829264 0.08657873376623378
1 0.5365853658536586 0.86390625 0.06707317073170732 0.08252029220779221
1 0.39695121951219514 0.869182224025974 0.04573170731707317 0.08252029220779221
1 0.8714435975609757 0.18790584415584416 0.059960365853658534 0.07305194805194805
1 0.8568094512195122 0.2717796266233766 0.03861890243902439 0.07846185064935066
1 0.837907012195122 0.34848417207792204 0.05386280487804878 0.09875405844155845
1 0.45472560975609755 0.029626623376623376 0.05579268292682927 0.05925324675324675
1 0.5934954268292683 0.08441558441558442 0.06503963414634147 0.060876623376623376
1 0.49339481707317073 0.07765219155844155 0.041667682926829264 0.06358360389610389
1 0.48821189024390244 0.14542816558441557 0.035570121951219516 0.055466720779220775
1 0.7755076219512195 0.10335430194805195 0.04064939024390244 0.09063717532467533
1 0.8256097560975609 0.03977272727272727 0.057926829268292686 0.07954545454545454
1 0.19959298780487802 0.10633116883116883 0.06199085365853659 0.060876623376623376
1 0.1931905487804878 0.225919237012987 0.07723475609756097 0.062228084415584424
1 0.23028506097560977 0.4023275162337662 0.07215548780487804 0.08793425324675325
1 0.1655487804878049 0.681682224025974 0.06097560975609756 0.062228084415584424
1 0.1703246951219512 0.8298153409090909 0.06808841463414635 0.058169642857142864
1 0.22865853658536586 0.5297625811688312 0.054878048780487805 0.07981737012987013
1 0.48323170731707316 0.877435064935065 0.03353658536585366 0.0689935064935065
1 0.8222560975609756 0.6548965097402597 0.04878048780487805 0.07034496753246754
1 0.8227637195121951 0.7164508928571429 0.06199085365853659 0.06358360389610389
1 0.7718490853658536 0.8115523538961039 0.06199085365853659 0.07846185064935066
1 0.7093490853658536 0.7752982954545454 0.0467469512195122 0.06764204545454545
1 0.22317073170731708 0.7738088474025974 0.051829268292682924 0.07034496753246754
1 0.21534603658536586 0.7155032467532467 0.06300914634146342 0.08116883116883117
1 0.14217530487804877 0.37526988636363634 0.044716463414634144 0.06628652597402598
1 0.7210365853658537 0.5856331168831169 0.04573170731707317 0.10551948051948051
