0 0.3167955326460481 0.2223970251716247 0.05798969072164949 0.06435926773455378
0 0.7227233676975945 0.5177345537757437 0.05798969072164949 0.08581235697940504
0 0.8612542955326461 0.4083237986270023 0.045103092783505154 0.08152173913043478
0 0.5976159793814433 0.6714816933638444 0.04832474226804124 0.06721967963386728
0 0.5229810996563574 0.7351258581235698 0.062285223367697595 0.060068649885583525
0 0.5444587628865979 0.8602688787185355 0.04939862542955326 0.07294050343249428
0 0.3167955326460481 0.2223970251716247 0.05798969072164949 0.06435926773455378
0 0.7227233676975945 0.5177345537757437 0.05798969072164949 0.08581235697940504
0 0.8612542955326461 0.4083237986270023 0.045103092783505154 0.08152173913043478
0 0.5976159793814433 0.6714816933638444 0.04832474226804124 0.06721967963386728
0 0.5229810996563574 0.7351258581235698 0.062285223367697595 0.060068649885583525
0 0.5444587628865979 0.8602688787185355 0.04939862542955326 0.07294050343249428
0 0.3167955326460481 0.2223970251716247 0.05798969072164949 0.06435926773455378
0 0.7227233676975945 0.5177345537757437 0.05798969072164949 0.08581235697940504
0 0.8612542955326461 0.4083237986270023 0.045103092783505154 0.08152173913043478
0 0.5976159793814433 0.6714816933638444 0.04832474226804124 0.06721967963386728
0 0.5229810996563574 0.7351258581235698 0.062285223367697595 0.060068649885583525
0 0.5444587628865979 0.8602688787185355 0.04939862542955326 0.07294050343249428
0 0.3167955326460481 0.2223970251716247 0.05798969072164949 0.06435926773455378
0 0.7227233676975945 0.5177345537757437 0.05798969072164949 0.08581235697940504
0 0.8612542955326461 0.4083237986270023 0.045103092783505154 0.08152173913043478
0 0.5976159793814433 0.6714816933638444 0.04832474226804124 0.06721967963386728
0 0.5229810996563574 0.7351258581235698 0.062285223367697595 0.060068649885583525
0 0.5444587628865979 0.8602688787185355 0.04939862542955326 0.07294050343249428
0 0.3167955326460481 0.2223970251716247 0.05798969072164949 0.06435926773455378
0 0.7227233676975945 0.5177345537757437 0.05798969072164949 0.08581235697940504
0 0.8612542955326461 0.4083237986270023 0.045103092783505154 0.08152173913043478
0 0.5976159793814433 0.6714816933638444 0.04832474226804124 0.06721967963386728
0 0.5229810996563574 0.7351258581235698 0.062285223367697595 0.060068649885583525
0 0.5444587628865979 0.8602688787185355 0.04939862542955326 0.07294050343249428
0 0.3167955326460481 0.2223970251716247 0.05798969072164949 0.06435926773455378
0 0.7227233676975945 0.5177345537757437 0.05798969072164949 0.08581235697940504
0 0.8612542955326461 0.4083237986270023 0.045103092783505154 0.08152173913043478
0 0.5976159793814433 0.6714816933638444 0.04832474226804124 0.06721967963386728
0 0.5229810996563574 0.7351258581235698 0.062285223367697595 0.060068649885583525
0 0.5444587628865979 0.8602688787185355 0.04939862542955326 0.07294050343249428
0 0.3167955326460481 0.2223970251716247 0.05798969072164949 0.06435926773455378
0 0.7227233676975945 0.5177345537757437 0.05798969072164949 0.08581235697940504
0 0.8612542955326461 0.4083237986270023 0.045103092783505154 0.08152173913043478
0 0.5976159793814433 0.6714816933638444 0.04832474226804124 0.06721967963386728
0 0.5229810996563574 0.7351258581235698 0.062285223367697595 0.060068649885583525
0 0.5444587628865979 0.8602688787185355 0.04939862542955326 0.07294050343249428
0 0.3167955326460481 0.2223970251716247 0.05798969072164949 0.06435926773455378
0 0.7227233676975945 0.5177345537757437 0.05798969072164949 0.08581235697940504
0 0.8612542955326461 0.4083237986270023 0.045103092783505154 0.08152173913043478
0 0.5976159793814433 0.6714816933638444 0.04832474226804124 0.06721967963386728
0 0.5229810996563574 0.7351258581235698 0.062285223367697595 0.060068649885583525
0 0.5444587628865979 0.8602688787185355 0.04939862542955326 0.07294050343249428
0 0.3167955326460481 0.2223970251716247 0.05798969072164949 0.06435926773455378
0 0.7227233676975945 0.5177345537757437 0.05798969072164949 0.08581235697940504
0 0.8612542955326461 0.4083237986270023 0.045103092783505154 0.08152173913043478
0 0.5976159793814433 0.6714816933638444 0.04832474226804124 0.06721967963386728
0 0.5229810996563574 0.7351258581235698 0.062285223367697595 0.060068649885583525
0 0.5444587628865979 0.8602688787185355 0.04939862542955326 0.07294050343249428
