0 0.14497422680412372 0.5227402745995423 0.04939862542955326 0.06149885583524028
0 0.21799828178694158 0.8094965675057209 0.040807560137457045 0.060068649885583525
0 0.18900343642611683 0.8452517162471396 0.045103092783505154 0.04862700228832952
0 0.2770618556701031 0.8953089244851259 0.0429553264604811 0.06292906178489703
0 0.3125 0.6149885583524027 0.03865979381443299 0.06292906178489703
0 0.34954896907216493 0.5477688787185355 0.03758591065292096 0.06578947368421052
0 0.42042525773195877 0.6965102974828375 0.0547680412371134 0.06292906178489703
0 0.5670103092783505 0.6779176201372997 0.04939862542955326 0.10583524027459955
0 0.7066151202749141 0.6292906178489702 0.045103092783505154 0.07151029748283753
0 0.780176116838488 0.6679061784897025 0.039733676975945015 0.06578947368421052
0 0.7882302405498282 0.6035469107551488 0.07731958762886598 0.08009153318077804
0 0.820446735395189 0.5441933638443935 0.0429553264604811 0.07008009153318077
0 0.7071520618556701 0.47268306636155605 0.04832474226804124 0.05577803203661327
0 0.5181486254295533 0.3418192219679634 0.03329037800687285 0.057208237986270026
0 0.38391323024054985 0.5248855835240275 0.04402920962199313 0.08581235697940504
0 0.3699527491408935 0.28818649885583525 0.04188144329896907 0.06435926773455378
0 0.5691580756013745 0.9525171624713958 0.05154639175257732 0.06578947368421052
0 0.6942654639175257 0.8502574370709383 0.0547680412371134 0.08438215102974829
0 0.8156142611683849 0.3360983981693364 0.039733676975945015 0.07437070938215103
0 0.8628651202749141 0.31393020594965676 0.05047250859106529 0.07866132723112128
0 0.7495704467353952 0.23955949656750572 0.03651202749140894 0.06435926773455378
0 0.8016537800687286 0.23955949656750572 0.061211340206185565 0.08438215102974829
0 0.8344072164948454 0.2023741418764302 0.045103092783505154 0.05863844393592677
0 0.8564218213058419 0.09081807780320367 0.056915807560137456 0.052917620137299774
0 0.8365549828178694 0.13658466819221968 0.05584192439862543 0.04719679633867277
0 0.5734536082474226 0.052202517162471394 0.06443298969072164 0.06149885583524028
0 0.7366838487972509 0.9310640732265446 0.0429553264604811 0.05148741418764302
0 0.7495704467353952 0.9733981693363845 0.0429553264604811 0.05320366132723112
0 0.14497422680412372 0.5227402745995423 0.04939862542955326 0.06149885583524028
0 0.21799828178694158 0.8094965675057209 0.040807560137457045 0.060068649885583525
0 0.18900343642611683 0.8452517162471396 0.045103092783505154 0.04862700228832952
0 0.2770618556701031 0.8953089244851259 0.0429553264604811 0.06292906178489703
0 0.3125 0.6149885583524027 0.03865979381443299 0.06292906178489703
0 0.34954896907216493 0.5477688787185355 0.03758591065292096 0.06578947368421052
0 0.42042525773195877 0.6965102974828375 0.0547680412371134 0.06292906178489703
0 0.5670103092783505 0.6779176201372997 0.04939862542955326 0.10583524027459955
0 0.7066151202749141 0.6292906178489702 0.045103092783505154 0.07151029748283753
0 0.780176116838488 0.6679061784897025 0.039733676975945015 0.06578947368421052
0 0.7882302405498282 0.6035469107551488 0.07731958762886598 0.08009153318077804
0 0.820446735395189 0.5441933638443935 0.0429553264604811 0.07008009153318077
0 0.7071520618556701 0.47268306636155605 0.04832474226804124 0.05577803203661327
0 0.5181486254295533 0.3418192219679634 0.03329037800687285 0.057208237986270026
0 0.38391323024054985 0.5248855835240275 0.04402920962199313 0.08581235697940504
0 0.3699527491408935 0.28818649885583525 0.04188144329896907 0.06435926773455378
0 0.5691580756013745 0.9525171624713958 0.05154639175257732 0.06578947368421052
0 0.6942654639175257 0.8502574370709383 0.0547680412371134 0.08438215102974829
0 0.8156142611683849 0.3360983981693364 0.039733676975945015 0.07437070938215103
0 0.8628651202749141 0.31393020594965676 0.05047250859106529 0.07866132723112128
0 0.7495704467353952 0.23955949656750572 0.03651202749140894 0.06435926773455378
0 0.8016537800687286 0.23955949656750572 0.061211340206185565 0.08438215102974829
0 0.8344072164948454 0.2023741418764302 0.045103092783505154 0.05863844393592677
0 0.8564218213058419 0.09081807780320367 0.056915807560137456 0.052917620137299774
0 0.8365549828178694 0.13658466819221968 0.05584192439862543 0.04719679633867277
0 0.5734536082474226 0.052202517162471394 0.06443298969072164 0.06149885583524028
0 0.7366838487972509 0.9310640732265446 0.0429553264604811 0.05148741418764302
0 0.7495704467353952 0.9733981693363845 0.0429553264604811 0.05320366132723112
0 0.14497422680412372 0.5227402745995423 0.04939862542955326 0.06149885583524028
0 0.21799828178694158 0.8094965675057209 0.040807560137457045 0.060068649885583525
0 0.18900343642611683 0.8452517162471396 0.045103092783505154 0.04862700228832952
0 0.2770618556701031 0.8953089244851259 0.0429553264604811 0.06292906178489703
0 0.3125 0.6149885583524027 0.03865979381443299 0.06292906178489703
0 0.34954896907216493 0.5477688787185355 0.03758591065292096 0.06578947368421052
0 0.42042525773195877 0.6965102974828375 0.0547680412371134 0.06292906178489703
0 0.5670103092783505 0.6779176201372997 0.04939862542955326 0.10583524027459955
0 0.7066151202749141 0.6292906178489702 0.045103092783505154 0.07151029748283753
0 0.780176116838488 0.6679061784897025 0.039733676975945015 0.06578947368421052
0 0.7882302405498282 0.6035469107551488 0.07731958762886598 0.08009153318077804
0 0.820446735395189 0.5441933638443935 0.0429553264604811 0.07008009153318077
0 0.7071520618556701 0.47268306636155605 0.04832474226804124 0.05577803203661327
0 0.5181486254295533 0.3418192219679634 0.03329037800687285 0.057208237986270026
0 0.38391323024054985 0.5248855835240275 0.04402920962199313 0.08581235697940504
0 0.3699527491408935 0.28818649885583525 0.04188144329896907 0.06435926773455378
0 0.5691580756013745 0.9525171624713958 0.05154639175257732 0.06578947368421052
0 0.6942654639175257 0.8502574370709383 0.0547680412371134 0.08438215102974829
0 0.8156142611683849 0.3360983981693364 0.039733676975945015 0.07437070938215103
0 0.8628651202749141 0.31393020594965676 0.05047250859106529 0.07866132723112128
0 0.7495704467353952 0.23955949656750572 0.03651202749140894 0.06435926773455378
0 0.8016537800687286 0.23955949656750572 0.061211340206185565 0.08438215102974829
0 0.8344072164948454 0.2023741418764302 0.045103092783505154 0.05863844393592677
0 0.8564218213058419 0.09081807780320367 0.056915807560137456 0.052917620137299774
0 0.8365549828178694 0.13658466819221968 0.05584192439862543 0.04719679633867277
0 0.5734536082474226 0.052202517162471394 0.06443298969072164 0.06149885583524028
0 0.7366838487972509 0.9310640732265446 0.0429553264604811 0.05148741418764302
0 0.7495704467353952 0.9733981693363845 0.0429553264604811 0.05320366132723112
0 0.14497422680412372 0.5227402745995423 0.04939862542955326 0.06149885583524028
0 0.21799828178694158 0.8094965675057209 0.040807560137457045 0.060068649885583525
0 0.18900343642611683 0.8452517162471396 0.045103092783505154 0.04862700228832952
0 0.2770618556701031 0.8953089244851259 0.0429553264604811 0.06292906178489703
0 0.3125 0.6149885583524027 0.03865979381443299 0.06292906178489703
0 0.34954896907216493 0.5477688787185355 0.03758591065292096 0.06578947368421052
0 0.42042525773195877 0.6965102974828375 0.0547680412371134 0.06292906178489703
0 0.5670103092783505 0.6779176201372997 0.04939862542955326 0.10583524027459955
0 0.7066151202749141 0.6292906178489702 0.045103092783505154 0.07151029748283753
0 0.780176116838488 0.6679061784897025 0.039733676975945015 0.06578947368421052
0 0.7882302405498282 0.6035469107551488 0.07731958762886598 0.08009153318077804
0 0.820446735395189 0.5441933638443935 0.0429553264604811 0.07008009153318077
0 0.7071520618556701 0.47268306636155605 0.04832474226804124 0.05577803203661327
0 0.5181486254295533 0.3418192219679634 0.03329037800687285 0.057208237986270026
0 0.38391323024054985 0.5248855835240275 0.04402920962199313 0.08581235697940504
0 0.3699527491408935 0.28818649885583525 0.04188144329896907 0.06435926773455378
0 0.5691580756013745 0.9525171624713958 0.05154639175257732 0.06578947368421052
0 0.6942654639175257 0.8502574370709383 0.0547680412371134 0.08438215102974829
0 0.8156142611683849 0.3360983981693364 0.039733676975945015 0.07437070938215103
0 0.8628651202749141 0.31393020594965676 0.05047250859106529 0.07866132723112128
0 0.7495704467353952 0.23955949656750572 0.03651202749140894 0.06435926773455378
0 0.8016537800687286 0.23955949656750572 0.061211340206185565 0.08438215102974829
0 0.8344072164948454 0.2023741418764302 0.045103092783505154 0.05863844393592677
0 0.8564218213058419 0.09081807780320367 0.056915807560137456 0.052917620137299774
0 0.8365549828178694 0.13658466819221968 0.05584192439862543 0.04719679633867277
0 0.5734536082474226 0.052202517162471394 0.06443298969072164 0.06149885583524028
0 0.7366838487972509 0.9310640732265446 0.0429553264604811 0.05148741418764302
0 0.7495704467353952 0.9733981693363845 0.0429553264604811 0.05320366132723112
0 0.14497422680412372 0.5227402745995423 0.04939862542955326 0.06149885583524028
0 0.21799828178694158 0.8094965675057209 0.040807560137457045 0.060068649885583525
0 0.18900343642611683 0.8452517162471396 0.045103092783505154 0.04862700228832952
0 0.2770618556701031 0.8953089244851259 0.0429553264604811 0.06292906178489703
0 0.3125 0.6149885583524027 0.03865979381443299 0.06292906178489703
0 0.34954896907216493 0.5477688787185355 0.03758591065292096 0.06578947368421052
0 0.42042525773195877 0.6965102974828375 0.0547680412371134 0.06292906178489703
0 0.5670103092783505 0.6779176201372997 0.04939862542955326 0.10583524027459955
0 0.7066151202749141 0.6292906178489702 0.045103092783505154 0.07151029748283753
0 0.780176116838488 0.6679061784897025 0.039733676975945015 0.06578947368421052
0 0.7882302405498282 0.6035469107551488 0.07731958762886598 0.08009153318077804
0 0.820446735395189 0.5441933638443935 0.0429553264604811 0.07008009153318077
0 0.7071520618556701 0.47268306636155605 0.04832474226804124 0.05577803203661327
0 0.5181486254295533 0.3418192219679634 0.03329037800687285 0.057208237986270026
0 0.38391323024054985 0.5248855835240275 0.04402920962199313 0.08581235697940504
0 0.3699527491408935 0.28818649885583525 0.04188144329896907 0.06435926773455378
0 0.5691580756013745 0.9525171624713958 0.05154639175257732 0.06578947368421052
0 0.6942654639175257 0.8502574370709383 0.0547680412371134 0.08438215102974829
0 0.8156142611683849 0.3360983981693364 0.039733676975945015 0.07437070938215103
0 0.8628651202749141 0.31393020594965676 0.05047250859106529 0.07866132723112128
0 0.7495704467353952 0.23955949656750572 0.03651202749140894 0.06435926773455378
0 0.8016537800687286 0.23955949656750572 0.061211340206185565 0.08438215102974829
0 0.8344072164948454 0.2023741418764302 0.045103092783505154 0.05863844393592677
0 0.8564218213058419 0.09081807780320367 0.056915807560137456 0.052917620137299774
0 0.8365549828178694 0.13658466819221968 0.05584192439862543 0.04719679633867277
0 0.5734536082474226 0.052202517162471394 0.06443298969072164 0.06149885583524028
0 0.7366838487972509 0.9310640732265446 0.0429553264604811 0.05148741418764302
0 0.7495704467353952 0.9733981693363845 0.0429553264604811 0.05320366132723112
0 0.14497422680412372 0.5227402745995423 0.04939862542955326 0.06149885583524028
0 0.21799828178694158 0.8094965675057209 0.040807560137457045 0.060068649885583525
0 0.18900343642611683 0.8452517162471396 0.045103092783505154 0.04862700228832952
0 0.2770618556701031 0.8953089244851259 0.0429553264604811 0.06292906178489703
0 0.3125 0.6149885583524027 0.03865979381443299 0.06292906178489703
0 0.34954896907216493 0.5477688787185355 0.03758591065292096 0.06578947368421052
0 0.42042525773195877 0.6965102974828375 0.0547680412371134 0.06292906178489703
0 0.5670103092783505 0.6779176201372997 0.04939862542955326 0.10583524027459955
0 0.7066151202749141 0.6292906178489702 0.045103092783505154 0.07151029748283753
0 0.780176116838488 0.6679061784897025 0.039733676975945015 0.06578947368421052
0 0.7882302405498282 0.6035469107551488 0.07731958762886598 0.08009153318077804
0 0.820446735395189 0.5441933638443935 0.0429553264604811 0.07008009153318077
0 0.7071520618556701 0.47268306636155605 0.04832474226804124 0.05577803203661327
0 0.5181486254295533 0.3418192219679634 0.03329037800687285 0.057208237986270026
0 0.38391323024054985 0.5248855835240275 0.04402920962199313 0.08581235697940504
0 0.3699527491408935 0.28818649885583525 0.04188144329896907 0.06435926773455378
0 0.5691580756013745 0.9525171624713958 0.05154639175257732 0.06578947368421052
0 0.6942654639175257 0.8502574370709383 0.0547680412371134 0.08438215102974829
0 0.8156142611683849 0.3360983981693364 0.039733676975945015 0.07437070938215103
0 0.8628651202749141 0.31393020594965676 0.05047250859106529 0.07866132723112128
0 0.7495704467353952 0.23955949656750572 0.03651202749140894 0.06435926773455378
0 0.8016537800687286 0.23955949656750572 0.061211340206185565 0.08438215102974829
0 0.8344072164948454 0.2023741418764302 0.045103092783505154 0.05863844393592677
0 0.8564218213058419 0.09081807780320367 0.056915807560137456 0.052917620137299774
0 0.8365549828178694 0.13658466819221968 0.05584192439862543 0.04719679633867277
0 0.5734536082474226 0.052202517162471394 0.06443298969072164 0.06149885583524028
0 0.7366838487972509 0.9310640732265446 0.0429553264604811 0.05148741418764302
0 0.7495704467353952 0.9733981693363845 0.0429553264604811 0.05320366132723112
0 0.14497422680412372 0.5227402745995423 0.04939862542955326 0.06149885583524028
0 0.21799828178694158 0.8094965675057209 0.040807560137457045 0.060068649885583525
0 0.18900343642611683 0.8452517162471396 0.045103092783505154 0.04862700228832952
0 0.2770618556701031 0.8953089244851259 0.0429553264604811 0.06292906178489703
0 0.3125 0.6149885583524027 0.03865979381443299 0.06292906178489703
0 0.34954896907216493 0.5477688787185355 0.03758591065292096 0.06578947368421052
0 0.42042525773195877 0.6965102974828375 0.0547680412371134 0.06292906178489703
0 0.5670103092783505 0.6779176201372997 0.04939862542955326 0.10583524027459955
0 0.7066151202749141 0.6292906178489702 0.045103092783505154 0.07151029748283753
0 0.780176116838488 0.6679061784897025 0.039733676975945015 0.06578947368421052
0 0.7882302405498282 0.6035469107551488 0.07731958762886598 0.08009153318077804
0 0.820446735395189 0.5441933638443935 0.0429553264604811 0.07008009153318077
0 0.7071520618556701 0.47268306636155605 0.04832474226804124 0.05577803203661327
0 0.5181486254295533 0.3418192219679634 0.03329037800687285 0.057208237986270026
0 0.38391323024054985 0.5248855835240275 0.04402920962199313 0.08581235697940504
0 0.3699527491408935 0.28818649885583525 0.04188144329896907 0.06435926773455378
0 0.5691580756013745 0.9525171624713958 0.05154639175257732 0.06578947368421052
0 0.6942654639175257 0.8502574370709383 0.0547680412371134 0.08438215102974829
0 0.8156142611683849 0.3360983981693364 0.039733676975945015 0.07437070938215103
0 0.8628651202749141 0.31393020594965676 0.05047250859106529 0.07866132723112128
0 0.7495704467353952 0.23955949656750572 0.03651202749140894 0.06435926773455378
0 0.8016537800687286 0.23955949656750572 0.061211340206185565 0.08438215102974829
0 0.8344072164948454 0.2023741418764302 0.045103092783505154 0.05863844393592677
0 0.8564218213058419 0.09081807780320367 0.056915807560137456 0.052917620137299774
0 0.8365549828178694 0.13658466819221968 0.05584192439862543 0.04719679633867277
0 0.5734536082474226 0.052202517162471394 0.06443298969072164 0.06149885583524028
0 0.7366838487972509 0.9310640732265446 0.0429553264604811 0.05148741418764302
0 0.7495704467353952 0.9733981693363845 0.0429553264604811 0.05320366132723112
0 0.14497422680412372 0.5227402745995423 0.04939862542955326 0.06149885583524028
0 0.21799828178694158 0.8094965675057209 0.040807560137457045 0.060068649885583525
0 0.18900343642611683 0.8452517162471396 0.045103092783505154 0.04862700228832952
0 0.2770618556701031 0.8953089244851259 0.0429553264604811 0.06292906178489703
0 0.3125 0.6149885583524027 0.03865979381443299 0.06292906178489703
0 0.34954896907216493 0.5477688787185355 0.03758591065292096 0.06578947368421052
0 0.42042525773195877 0.6965102974828375 0.0547680412371134 0.06292906178489703
0 0.5670103092783505 0.6779176201372997 0.04939862542955326 0.10583524027459955
0 0.7066151202749141 0.6292906178489702 0.045103092783505154 0.07151029748283753
0 0.780176116838488 0.6679061784897025 0.039733676975945015 0.06578947368421052
0 0.7882302405498282 0.6035469107551488 0.07731958762886598 0.08009153318077804
0 0.820446735395189 0.5441933638443935 0.0429553264604811 0.07008009153318077
0 0.7071520618556701 0.47268306636155605 0.04832474226804124 0.05577803203661327
0 0.5181486254295533 0.3418192219679634 0.03329037800687285 0.057208237986270026
0 0.38391323024054985 0.5248855835240275 0.04402920962199313 0.08581235697940504
0 0.3699527491408935 0.28818649885583525 0.04188144329896907 0.06435926773455378
0 0.5691580756013745 0.9525171624713958 0.05154639175257732 0.06578947368421052
0 0.6942654639175257 0.8502574370709383 0.0547680412371134 0.08438215102974829
0 0.8156142611683849 0.3360983981693364 0.039733676975945015 0.07437070938215103
0 0.8628651202749141 0.31393020594965676 0.05047250859106529 0.07866132723112128
0 0.7495704467353952 0.23955949656750572 0.03651202749140894 0.06435926773455378
0 0.8016537800687286 0.23955949656750572 0.061211340206185565 0.08438215102974829
0 0.8344072164948454 0.2023741418764302 0.045103092783505154 0.05863844393592677
0 0.8564218213058419 0.09081807780320367 0.056915807560137456 0.052917620137299774
0 0.8365549828178694 0.13658466819221968 0.05584192439862543 0.04719679633867277
0 0.5734536082474226 0.052202517162471394 0.06443298969072164 0.06149885583524028
0 0.7366838487972509 0.9310640732265446 0.0429553264604811 0.05148741418764302
0 0.7495704467353952 0.9733981693363845 0.0429553264604811 0.05320366132723112
0 0.14497422680412372 0.5227402745995423 0.04939862542955326 0.06149885583524028
0 0.21799828178694158 0.8094965675057209 0.040807560137457045 0.060068649885583525
0 0.18900343642611683 0.8452517162471396 0.045103092783505154 0.04862700228832952
0 0.2770618556701031 0.8953089244851259 0.0429553264604811 0.06292906178489703
0 0.3125 0.6149885583524027 0.03865979381443299 0.06292906178489703
0 0.34954896907216493 0.5477688787185355 0.03758591065292096 0.06578947368421052
0 0.42042525773195877 0.6965102974828375 0.0547680412371134 0.06292906178489703
0 0.5670103092783505 0.6779176201372997 0.04939862542955326 0.10583524027459955
0 0.7066151202749141 0.6292906178489702 0.045103092783505154 0.07151029748283753
0 0.780176116838488 0.6679061784897025 0.039733676975945015 0.06578947368421052
0 0.7882302405498282 0.6035469107551488 0.07731958762886598 0.08009153318077804
0 0.820446735395189 0.5441933638443935 0.0429553264604811 0.07008009153318077
0 0.7071520618556701 0.47268306636155605 0.04832474226804124 0.05577803203661327
0 0.5181486254295533 0.3418192219679634 0.03329037800687285 0.057208237986270026
0 0.38391323024054985 0.5248855835240275 0.04402920962199313 0.08581235697940504
0 0.3699527491408935 0.28818649885583525 0.04188144329896907 0.06435926773455378
0 0.5691580756013745 0.9525171624713958 0.05154639175257732 0.06578947368421052
0 0.6942654639175257 0.8502574370709383 0.0547680412371134 0.08438215102974829
0 0.8156142611683849 0.3360983981693364 0.039733676975945015 0.07437070938215103
0 0.8628651202749141 0.31393020594965676 0.05047250859106529 0.07866132723112128
0 0.7495704467353952 0.23955949656750572 0.03651202749140894 0.06435926773455378
0 0.8016537800687286 0.23955949656750572 0.061211340206185565 0.08438215102974829
0 0.8344072164948454 0.2023741418764302 0.045103092783505154 0.05863844393592677
0 0.8564218213058419 0.09081807780320367 0.056915807560137456 0.052917620137299774
0 0.8365549828178694 0.13658466819221968 0.05584192439862543 0.04719679633867277
0 0.5734536082474226 0.052202517162471394 0.06443298969072164 0.06149885583524028
0 0.7366838487972509 0.9310640732265446 0.0429553264604811 0.05148741418764302
0 0.7495704467353952 0.9733981693363845 0.0429553264604811 0.05320366132723112
