0 0.14497422680412372 0.5227402745995423 0.0429553264604811 0.05863844393592677
0 0.2190721649484536 0.8109267734553776 0.045103092783505154 0.057208237986270026
0 0.19168814432989692 0.8452517162471396 0.04832474226804124 0.05148741418764302
0 0.27867268041237114 0.8938787185354691 0.04402920962199313 0.06292906178489703
0 0.5723797250859106 0.9539473684210527 0.04939862542955326 0.06292906178489703
0 0.6953393470790378 0.8538329519450801 0.05262027491408935 0.08009153318077804
0 0.5675472508591065 0.6793478260869565 0.05047250859106529 0.09153318077803203
0 0.6190936426116839 0.5899599542334096 0.05906357388316151 0.06435926773455378
0 0.7039304123711341 0.6271453089244852 0.04832474226804124 0.07008009153318077
0 0.7780283505154639 0.665045766590389 0.03758591065292096 0.057208237986270026
0 0.822057560137457 0.5491990846681922 0.039733676975945015 0.060068649885583525
0 0.7076890034364262 0.47268306636155605 0.0429553264604811 0.04719679633867277
0 0.7382946735395189 0.4969965675057208 0.05047250859106529 0.05863844393592677
0 0.31035223367697595 0.6157036613272311 0.0429553264604811 0.06149885583524028
0 0.35277061855670105 0.5499141876430206 0.056915807560137456 0.07866132723112128
0 0.4182774914089347 0.6922196796338673 0.06550687285223368 0.05434782608695652
0 0.7506443298969072 0.9332093821510298 0.045103092783505154 0.05005720823798627
0 0.7468857388316151 0.976258581235698 0.04188144329896907 0.04748283752860412
0 0.8150773195876289 0.335383295194508 0.040807560137457045 0.07008009153318077
0 0.8591065292096219 0.31965102974828374 0.0429553264604811 0.07008009153318077
0 0.7517182130584192 0.24170480549199086 0.03436426116838488 0.06292906178489703
0 0.8032646048109966 0.2431350114416476 0.05584192439862543 0.07151029748283753
0 0.8360180412371134 0.19879862700228834 0.039733676975945015 0.060068649885583525
0 0.8387027491408935 0.13801487414187644 0.04939862542955326 0.04719679633867277
0 0.8526632302405498 0.09010297482837529 0.062285223367697595 0.04576659038901602
0 0.5680841924398625 0.05148741418764302 0.06013745704467354 0.06864988558352403
0 0.37317439862542956 0.29104691075514877 0.03758591065292096 0.07580091533180779
0 0.5117053264604811 0.34110411899313503 0.04402920962199313 0.06149885583524028
0 0.14497422680412372 0.5227402745995423 0.0429553264604811 0.05863844393592677
0 0.2190721649484536 0.8109267734553776 0.045103092783505154 0.057208237986270026
0 0.19168814432989692 0.8452517162471396 0.04832474226804124 0.05148741418764302
0 0.27867268041237114 0.8938787185354691 0.04402920962199313 0.06292906178489703
0 0.5723797250859106 0.9539473684210527 0.04939862542955326 0.06292906178489703
0 0.6953393470790378 0.8538329519450801 0.05262027491408935 0.08009153318077804
0 0.5675472508591065 0.6793478260869565 0.05047250859106529 0.09153318077803203
0 0.6190936426116839 0.5899599542334096 0.05906357388316151 0.06435926773455378
0 0.7039304123711341 0.6271453089244852 0.04832474226804124 0.07008009153318077
0 0.7780283505154639 0.665045766590389 0.03758591065292096 0.057208237986270026
0 0.822057560137457 0.5491990846681922 0.039733676975945015 0.060068649885583525
0 0.7076890034364262 0.47268306636155605 0.0429553264604811 0.04719679633867277
0 0.7382946735395189 0.4969965675057208 0.05047250859106529 0.05863844393592677
0 0.31035223367697595 0.6157036613272311 0.0429553264604811 0.06149885583524028
0 0.35277061855670105 0.5499141876430206 0.056915807560137456 0.07866132723112128
0 0.4182774914089347 0.6922196796338673 0.06550687285223368 0.05434782608695652
0 0.7506443298969072 0.9332093821510298 0.045103092783505154 0.05005720823798627
0 0.7468857388316151 0.976258581235698 0.04188144329896907 0.04748283752860412
0 0.8150773195876289 0.335383295194508 0.040807560137457045 0.07008009153318077
0 0.8591065292096219 0.31965102974828374 0.0429553264604811 0.07008009153318077
0 0.7517182130584192 0.24170480549199086 0.03436426116838488 0.06292906178489703
0 0.8032646048109966 0.2431350114416476 0.05584192439862543 0.07151029748283753
0 0.8360180412371134 0.19879862700228834 0.039733676975945015 0.060068649885583525
0 0.8387027491408935 0.13801487414187644 0.04939862542955326 0.04719679633867277
0 0.8526632302405498 0.09010297482837529 0.062285223367697595 0.04576659038901602
0 0.5680841924398625 0.05148741418764302 0.06013745704467354 0.06864988558352403
0 0.37317439862542956 0.29104691075514877 0.03758591065292096 0.07580091533180779
0 0.5117053264604811 0.34110411899313503 0.04402920962199313 0.06149885583524028
0 0.14497422680412372 0.5227402745995423 0.0429553264604811 0.05863844393592677
0 0.2190721649484536 0.8109267734553776 0.045103092783505154 0.057208237986270026
0 0.19168814432989692 0.8452517162471396 0.04832474226804124 0.05148741418764302
0 0.27867268041237114 0.8938787185354691 0.04402920962199313 0.06292906178489703
0 0.5723797250859106 0.9539473684210527 0.04939862542955326 0.06292906178489703
0 0.6953393470790378 0.8538329519450801 0.05262027491408935 0.08009153318077804
0 0.5675472508591065 0.6793478260869565 0.05047250859106529 0.09153318077803203
0 0.6190936426116839 0.5899599542334096 0.05906357388316151 0.06435926773455378
0 0.7039304123711341 0.6271453089244852 0.04832474226804124 0.07008009153318077
0 0.7780283505154639 0.665045766590389 0.03758591065292096 0.057208237986270026
0 0.822057560137457 0.5491990846681922 0.039733676975945015 0.060068649885583525
0 0.7076890034364262 0.47268306636155605 0.0429553264604811 0.04719679633867277
0 0.7382946735395189 0.4969965675057208 0.05047250859106529 0.05863844393592677
0 0.31035223367697595 0.6157036613272311 0.0429553264604811 0.06149885583524028
0 0.35277061855670105 0.5499141876430206 0.056915807560137456 0.07866132723112128
0 0.4182774914089347 0.6922196796338673 0.06550687285223368 0.05434782608695652
0 0.7506443298969072 0.9332093821510298 0.045103092783505154 0.05005720823798627
0 0.7468857388316151 0.976258581235698 0.04188144329896907 0.04748283752860412
0 0.8150773195876289 0.335383295194508 0.040807560137457045 0.07008009153318077
0 0.8591065292096219 0.31965102974828374 0.0429553264604811 0.07008009153318077
0 0.7517182130584192 0.24170480549199086 0.03436426116838488 0.06292906178489703
0 0.8032646048109966 0.2431350114416476 0.05584192439862543 0.07151029748283753
0 0.8360180412371134 0.19879862700228834 0.039733676975945015 0.060068649885583525
0 0.8387027491408935 0.13801487414187644 0.04939862542955326 0.04719679633867277
0 0.8526632302405498 0.09010297482837529 0.062285223367697595 0.04576659038901602
0 0.5680841924398625 0.05148741418764302 0.06013745704467354 0.06864988558352403
0 0.37317439862542956 0.29104691075514877 0.03758591065292096 0.07580091533180779
0 0.5117053264604811 0.34110411899313503 0.04402920962199313 0.06149885583524028
0 0.14497422680412372 0.5227402745995423 0.0429553264604811 0.05863844393592677
0 0.2190721649484536 0.8109267734553776 0.045103092783505154 0.057208237986270026
0 0.19168814432989692 0.8452517162471396 0.04832474226804124 0.05148741418764302
0 0.27867268041237114 0.8938787185354691 0.04402920962199313 0.06292906178489703
0 0.5723797250859106 0.9539473684210527 0.04939862542955326 0.06292906178489703
0 0.6953393470790378 0.8538329519450801 0.05262027491408935 0.08009153318077804
0 0.5675472508591065 0.6793478260869565 0.05047250859106529 0.09153318077803203
0 0.6190936426116839 0.5899599542334096 0.05906357388316151 0.06435926773455378
0 0.7039304123711341 0.6271453089244852 0.04832474226804124 0.07008009153318077
0 0.7780283505154639 0.665045766590389 0.03758591065292096 0.057208237986270026
0 0.822057560137457 0.5491990846681922 0.039733676975945015 0.060068649885583525
0 0.7076890034364262 0.47268306636155605 0.0429553264604811 0.04719679633867277
0 0.7382946735395189 0.4969965675057208 0.05047250859106529 0.05863844393592677
0 0.31035223367697595 0.6157036613272311 0.0429553264604811 0.06149885583524028
0 0.35277061855670105 0.5499141876430206 0.056915807560137456 0.07866132723112128
0 0.4182774914089347 0.6922196796338673 0.06550687285223368 0.05434782608695652
0 0.7506443298969072 0.9332093821510298 0.045103092783505154 0.05005720823798627
0 0.7468857388316151 0.976258581235698 0.04188144329896907 0.04748283752860412
0 0.8150773195876289 0.335383295194508 0.040807560137457045 0.07008009153318077
0 0.8591065292096219 0.31965102974828374 0.0429553264604811 0.07008009153318077
0 0.7517182130584192 0.24170480549199086 0.03436426116838488 0.06292906178489703
0 0.8032646048109966 0.2431350114416476 0.05584192439862543 0.07151029748283753
0 0.8360180412371134 0.19879862700228834 0.039733676975945015 0.060068649885583525
0 0.8387027491408935 0.13801487414187644 0.04939862542955326 0.04719679633867277
0 0.8526632302405498 0.09010297482837529 0.062285223367697595 0.04576659038901602
0 0.5680841924398625 0.05148741418764302 0.06013745704467354 0.06864988558352403
0 0.37317439862542956 0.29104691075514877 0.03758591065292096 0.07580091533180779
0 0.5117053264604811 0.34110411899313503 0.04402920962199313 0.06149885583524028
0 0.14497422680412372 0.5227402745995423 0.0429553264604811 0.05863844393592677
0 0.2190721649484536 0.8109267734553776 0.045103092783505154 0.057208237986270026
0 0.19168814432989692 0.8452517162471396 0.04832474226804124 0.05148741418764302
0 0.27867268041237114 0.8938787185354691 0.04402920962199313 0.06292906178489703
0 0.5723797250859106 0.9539473684210527 0.04939862542955326 0.06292906178489703
0 0.6953393470790378 0.8538329519450801 0.05262027491408935 0.08009153318077804
0 0.5675472508591065 0.6793478260869565 0.05047250859106529 0.09153318077803203
0 0.6190936426116839 0.5899599542334096 0.05906357388316151 0.06435926773455378
0 0.7039304123711341 0.6271453089244852 0.04832474226804124 0.07008009153318077
0 0.7780283505154639 0.665045766590389 0.03758591065292096 0.057208237986270026
0 0.822057560137457 0.5491990846681922 0.039733676975945015 0.060068649885583525
0 0.7076890034364262 0.47268306636155605 0.0429553264604811 0.04719679633867277
0 0.7382946735395189 0.4969965675057208 0.05047250859106529 0.05863844393592677
0 0.31035223367697595 0.6157036613272311 0.0429553264604811 0.06149885583524028
0 0.35277061855670105 0.5499141876430206 0.056915807560137456 0.07866132723112128
0 0.4182774914089347 0.6922196796338673 0.06550687285223368 0.05434782608695652
0 0.7506443298969072 0.9332093821510298 0.045103092783505154 0.05005720823798627
0 0.7468857388316151 0.976258581235698 0.04188144329896907 0.04748283752860412
0 0.8150773195876289 0.335383295194508 0.040807560137457045 0.07008009153318077
0 0.8591065292096219 0.31965102974828374 0.0429553264604811 0.07008009153318077
0 0.7517182130584192 0.24170480549199086 0.03436426116838488 0.06292906178489703
0 0.8032646048109966 0.2431350114416476 0.05584192439862543 0.07151029748283753
0 0.8360180412371134 0.19879862700228834 0.039733676975945015 0.060068649885583525
0 0.8387027491408935 0.13801487414187644 0.04939862542955326 0.04719679633867277
0 0.8526632302405498 0.09010297482837529 0.062285223367697595 0.04576659038901602
0 0.5680841924398625 0.05148741418764302 0.06013745704467354 0.06864988558352403
0 0.37317439862542956 0.29104691075514877 0.03758591065292096 0.07580091533180779
0 0.5117053264604811 0.34110411899313503 0.04402920962199313 0.06149885583524028
0 0.14497422680412372 0.5227402745995423 0.0429553264604811 0.05863844393592677
0 0.2190721649484536 0.8109267734553776 0.045103092783505154 0.057208237986270026
0 0.19168814432989692 0.8452517162471396 0.04832474226804124 0.05148741418764302
0 0.27867268041237114 0.8938787185354691 0.04402920962199313 0.06292906178489703
0 0.5723797250859106 0.9539473684210527 0.04939862542955326 0.06292906178489703
0 0.6953393470790378 0.8538329519450801 0.05262027491408935 0.08009153318077804
0 0.5675472508591065 0.6793478260869565 0.05047250859106529 0.09153318077803203
0 0.6190936426116839 0.5899599542334096 0.05906357388316151 0.06435926773455378
0 0.7039304123711341 0.6271453089244852 0.04832474226804124 0.07008009153318077
0 0.7780283505154639 0.665045766590389 0.03758591065292096 0.057208237986270026
0 0.822057560137457 0.5491990846681922 0.039733676975945015 0.060068649885583525
0 0.7076890034364262 0.47268306636155605 0.0429553264604811 0.04719679633867277
0 0.7382946735395189 0.4969965675057208 0.05047250859106529 0.05863844393592677
0 0.31035223367697595 0.6157036613272311 0.0429553264604811 0.06149885583524028
0 0.35277061855670105 0.5499141876430206 0.056915807560137456 0.07866132723112128
0 0.4182774914089347 0.6922196796338673 0.06550687285223368 0.05434782608695652
0 0.7506443298969072 0.9332093821510298 0.045103092783505154 0.05005720823798627
0 0.7468857388316151 0.976258581235698 0.04188144329896907 0.04748283752860412
0 0.8150773195876289 0.335383295194508 0.040807560137457045 0.07008009153318077
0 0.8591065292096219 0.31965102974828374 0.0429553264604811 0.07008009153318077
0 0.7517182130584192 0.24170480549199086 0.03436426116838488 0.06292906178489703
0 0.8032646048109966 0.2431350114416476 0.05584192439862543 0.07151029748283753
0 0.8360180412371134 0.19879862700228834 0.039733676975945015 0.060068649885583525
0 0.8387027491408935 0.13801487414187644 0.04939862542955326 0.04719679633867277
0 0.8526632302405498 0.09010297482837529 0.062285223367697595 0.04576659038901602
0 0.5680841924398625 0.05148741418764302 0.06013745704467354 0.06864988558352403
0 0.37317439862542956 0.29104691075514877 0.03758591065292096 0.07580091533180779
0 0.5117053264604811 0.34110411899313503 0.04402920962199313 0.06149885583524028
0 0.14497422680412372 0.5227402745995423 0.0429553264604811 0.05863844393592677
0 0.2190721649484536 0.8109267734553776 0.045103092783505154 0.057208237986270026
0 0.19168814432989692 0.8452517162471396 0.04832474226804124 0.05148741418764302
0 0.27867268041237114 0.8938787185354691 0.04402920962199313 0.06292906178489703
0 0.5723797250859106 0.9539473684210527 0.04939862542955326 0.06292906178489703
0 0.6953393470790378 0.8538329519450801 0.05262027491408935 0.08009153318077804
0 0.5675472508591065 0.6793478260869565 0.05047250859106529 0.09153318077803203
0 0.6190936426116839 0.5899599542334096 0.05906357388316151 0.06435926773455378
0 0.7039304123711341 0.6271453089244852 0.04832474226804124 0.07008009153318077
0 0.7780283505154639 0.665045766590389 0.03758591065292096 0.057208237986270026
0 0.822057560137457 0.5491990846681922 0.039733676975945015 0.060068649885583525
0 0.7076890034364262 0.47268306636155605 0.0429553264604811 0.04719679633867277
0 0.7382946735395189 0.4969965675057208 0.05047250859106529 0.05863844393592677
0 0.31035223367697595 0.6157036613272311 0.0429553264604811 0.06149885583524028
0 0.35277061855670105 0.5499141876430206 0.056915807560137456 0.07866132723112128
0 0.4182774914089347 0.6922196796338673 0.06550687285223368 0.05434782608695652
0 0.7506443298969072 0.9332093821510298 0.045103092783505154 0.05005720823798627
0 0.7468857388316151 0.976258581235698 0.04188144329896907 0.04748283752860412
0 0.8150773195876289 0.335383295194508 0.040807560137457045 0.07008009153318077
0 0.8591065292096219 0.31965102974828374 0.0429553264604811 0.07008009153318077
0 0.7517182130584192 0.24170480549199086 0.03436426116838488 0.06292906178489703
0 0.8032646048109966 0.2431350114416476 0.05584192439862543 0.07151029748283753
0 0.8360180412371134 0.19879862700228834 0.039733676975945015 0.060068649885583525
0 0.8387027491408935 0.13801487414187644 0.04939862542955326 0.04719679633867277
0 0.8526632302405498 0.09010297482837529 0.062285223367697595 0.04576659038901602
0 0.5680841924398625 0.05148741418764302 0.06013745704467354 0.06864988558352403
0 0.37317439862542956 0.29104691075514877 0.03758591065292096 0.07580091533180779
0 0.5117053264604811 0.34110411899313503 0.04402920962199313 0.06149885583524028
0 0.14497422680412372 0.5227402745995423 0.0429553264604811 0.05863844393592677
0 0.2190721649484536 0.8109267734553776 0.045103092783505154 0.057208237986270026
0 0.19168814432989692 0.8452517162471396 0.04832474226804124 0.05148741418764302
0 0.27867268041237114 0.8938787185354691 0.04402920962199313 0.06292906178489703
0 0.5723797250859106 0.9539473684210527 0.04939862542955326 0.06292906178489703
0 0.6953393470790378 0.8538329519450801 0.05262027491408935 0.08009153318077804
0 0.5675472508591065 0.6793478260869565 0.05047250859106529 0.09153318077803203
0 0.6190936426116839 0.5899599542334096 0.05906357388316151 0.06435926773455378
0 0.7039304123711341 0.6271453089244852 0.04832474226804124 0.07008009153318077
0 0.7780283505154639 0.665045766590389 0.03758591065292096 0.057208237986270026
0 0.822057560137457 0.5491990846681922 0.039733676975945015 0.060068649885583525
0 0.7076890034364262 0.47268306636155605 0.0429553264604811 0.04719679633867277
0 0.7382946735395189 0.4969965675057208 0.05047250859106529 0.05863844393592677
0 0.31035223367697595 0.6157036613272311 0.0429553264604811 0.06149885583524028
0 0.35277061855670105 0.5499141876430206 0.056915807560137456 0.07866132723112128
0 0.4182774914089347 0.6922196796338673 0.06550687285223368 0.05434782608695652
0 0.7506443298969072 0.9332093821510298 0.045103092783505154 0.05005720823798627
0 0.7468857388316151 0.976258581235698 0.04188144329896907 0.04748283752860412
0 0.8150773195876289 0.335383295194508 0.040807560137457045 0.07008009153318077
0 0.8591065292096219 0.31965102974828374 0.0429553264604811 0.07008009153318077
0 0.7517182130584192 0.24170480549199086 0.03436426116838488 0.06292906178489703
0 0.8032646048109966 0.2431350114416476 0.05584192439862543 0.07151029748283753
0 0.8360180412371134 0.19879862700228834 0.039733676975945015 0.060068649885583525
0 0.8387027491408935 0.13801487414187644 0.04939862542955326 0.04719679633867277
0 0.8526632302405498 0.09010297482837529 0.062285223367697595 0.04576659038901602
0 0.5680841924398625 0.05148741418764302 0.06013745704467354 0.06864988558352403
0 0.37317439862542956 0.29104691075514877 0.03758591065292096 0.07580091533180779
0 0.5117053264604811 0.34110411899313503 0.04402920962199313 0.06149885583524028
0 0.14497422680412372 0.5227402745995423 0.0429553264604811 0.05863844393592677
0 0.2190721649484536 0.8109267734553776 0.045103092783505154 0.057208237986270026
0 0.19168814432989692 0.8452517162471396 0.04832474226804124 0.05148741418764302
0 0.27867268041237114 0.8938787185354691 0.04402920962199313 0.06292906178489703
0 0.5723797250859106 0.9539473684210527 0.04939862542955326 0.06292906178489703
0 0.6953393470790378 0.8538329519450801 0.05262027491408935 0.08009153318077804
0 0.5675472508591065 0.6793478260869565 0.05047250859106529 0.09153318077803203
0 0.6190936426116839 0.5899599542334096 0.05906357388316151 0.06435926773455378
0 0.7039304123711341 0.6271453089244852 0.04832474226804124 0.07008009153318077
0 0.7780283505154639 0.665045766590389 0.03758591065292096 0.057208237986270026
0 0.822057560137457 0.5491990846681922 0.039733676975945015 0.060068649885583525
0 0.7076890034364262 0.47268306636155605 0.0429553264604811 0.04719679633867277
0 0.7382946735395189 0.4969965675057208 0.05047250859106529 0.05863844393592677
0 0.31035223367697595 0.6157036613272311 0.0429553264604811 0.06149885583524028
0 0.35277061855670105 0.5499141876430206 0.056915807560137456 0.07866132723112128
0 0.4182774914089347 0.6922196796338673 0.06550687285223368 0.05434782608695652
0 0.7506443298969072 0.9332093821510298 0.045103092783505154 0.05005720823798627
0 0.7468857388316151 0.976258581235698 0.04188144329896907 0.04748283752860412
0 0.8150773195876289 0.335383295194508 0.040807560137457045 0.07008009153318077
0 0.8591065292096219 0.31965102974828374 0.0429553264604811 0.07008009153318077
0 0.7517182130584192 0.24170480549199086 0.03436426116838488 0.06292906178489703
0 0.8032646048109966 0.2431350114416476 0.05584192439862543 0.07151029748283753
0 0.8360180412371134 0.19879862700228834 0.039733676975945015 0.060068649885583525
0 0.8387027491408935 0.13801487414187644 0.04939862542955326 0.04719679633867277
0 0.8526632302405498 0.09010297482837529 0.062285223367697595 0.04576659038901602
0 0.5680841924398625 0.05148741418764302 0.06013745704467354 0.06864988558352403
0 0.37317439862542956 0.29104691075514877 0.03758591065292096 0.07580091533180779
0 0.5117053264604811 0.34110411899313503 0.04402920962199313 0.06149885583524028
