0 0.14604810996563575 0.5227402745995423 0.045103092783505154 0.06435926773455378
0 0.3538445017182131 0.5506292906178489 0.0547680412371134 0.07151029748283753
0 0.311963058419244 0.6149885583524027 0.04188144329896907 0.060068649885583525
0 0.41935137457044674 0.6915045766590389 0.061211340206185565 0.052917620137299774
0 0.7039304123711341 0.6292906178489702 0.04402920962199313 0.07151029748283753
0 0.7764175257731959 0.6657608695652174 0.04725085910652921 0.05577803203661327
0 0.821520618556701 0.5477688787185355 0.040807560137457045 0.06292906178489703
0 0.7076890034364262 0.4719679633867277 0.0429553264604811 0.057208237986270026
0 0.5143900343642611 0.34110411899313503 0.0429553264604811 0.06721967963386728
0 0.46123281786941583 0.26244279176201374 0.05906357388316151 0.06435926773455378
0 0.36834192439862545 0.28532608695652173 0.03865979381443299 0.06721967963386728
0 0.5691580756013745 0.05005720823798627 0.0665807560137457 0.060068649885583525
0 0.8553479381443299 0.08867276887871854 0.05906357388316151 0.05434782608695652
0 0.8392396907216495 0.13872997711670482 0.0547680412371134 0.04576659038901602
0 0.8333333333333334 0.19808352402745996 0.045103092783505154 0.05005720823798627
0 0.8048754295532646 0.24098970251716248 0.0547680412371134 0.07866132723112128
0 0.7511812714776632 0.2431350114416476 0.039733676975945015 0.06578947368421052
0 0.8150773195876289 0.3403890160183066 0.040807560137457045 0.07723112128146453
0 0.8596434707903781 0.32036613272311215 0.04188144329896907 0.06864988558352403
0 0.8762886597938144 0.8788615560640732 0.05369415807560137 0.052917620137299774
0 0.2185352233676976 0.8109267734553776 0.046176975945017185 0.06292906178489703
0 0.18954037800687284 0.8452517162471396 0.05906357388316151 0.05434782608695652
0 0.2770618556701031 0.8981693363844394 0.05369415807560137 0.06578947368421052
0 0.5707689003436426 0.9539473684210527 0.05906357388316151 0.06292906178489703
0 0.6029853951890034 0.8724256292906178 0.039733676975945015 0.07723112128146453
0 0.5664733676975945 0.6779176201372997 0.05906357388316151 0.09725400457665904
0 0.6180197594501718 0.5899599542334096 0.07195017182130584 0.07580091533180779
0 0.6990979381443299 0.851687643020595 0.04939862542955326 0.08724256292906178
0 0.7474226804123711 0.9253432494279176 0.0429553264604811 0.04004576659038902
0 0.7495704467353952 0.9755434782608695 0.04725085910652921 0.04891304347826087
0 0.14604810996563575 0.5227402745995423 0.045103092783505154 0.06435926773455378
0 0.3538445017182131 0.5506292906178489 0.0547680412371134 0.07151029748283753
0 0.311963058419244 0.6149885583524027 0.04188144329896907 0.060068649885583525
0 0.41935137457044674 0.6915045766590389 0.061211340206185565 0.052917620137299774
0 0.7039304123711341 0.6292906178489702 0.04402920962199313 0.07151029748283753
0 0.7764175257731959 0.6657608695652174 0.04725085910652921 0.05577803203661327
0 0.821520618556701 0.5477688787185355 0.040807560137457045 0.06292906178489703
0 0.7076890034364262 0.4719679633867277 0.0429553264604811 0.057208237986270026
0 0.5143900343642611 0.34110411899313503 0.0429553264604811 0.06721967963386728
0 0.46123281786941583 0.26244279176201374 0.05906357388316151 0.06435926773455378
0 0.36834192439862545 0.28532608695652173 0.03865979381443299 0.06721967963386728
0 0.5691580756013745 0.05005720823798627 0.0665807560137457 0.060068649885583525
0 0.8553479381443299 0.08867276887871854 0.05906357388316151 0.05434782608695652
0 0.8392396907216495 0.13872997711670482 0.0547680412371134 0.04576659038901602
0 0.8333333333333334 0.19808352402745996 0.045103092783505154 0.05005720823798627
0 0.8048754295532646 0.24098970251716248 0.0547680412371134 0.07866132723112128
0 0.7511812714776632 0.2431350114416476 0.039733676975945015 0.06578947368421052
0 0.8150773195876289 0.3403890160183066 0.040807560137457045 0.07723112128146453
0 0.8596434707903781 0.32036613272311215 0.04188144329896907 0.06864988558352403
0 0.8762886597938144 0.8788615560640732 0.05369415807560137 0.052917620137299774
0 0.2185352233676976 0.8109267734553776 0.046176975945017185 0.06292906178489703
0 0.18954037800687284 0.8452517162471396 0.05906357388316151 0.05434782608695652
0 0.2770618556701031 0.8981693363844394 0.05369415807560137 0.06578947368421052
0 0.5707689003436426 0.9539473684210527 0.05906357388316151 0.06292906178489703
0 0.6029853951890034 0.8724256292906178 0.039733676975945015 0.07723112128146453
0 0.5664733676975945 0.6779176201372997 0.05906357388316151 0.09725400457665904
0 0.6180197594501718 0.5899599542334096 0.07195017182130584 0.07580091533180779
0 0.6990979381443299 0.851687643020595 0.04939862542955326 0.08724256292906178
0 0.7474226804123711 0.9253432494279176 0.0429553264604811 0.04004576659038902
0 0.7495704467353952 0.9755434782608695 0.04725085910652921 0.04891304347826087
0 0.14604810996563575 0.5227402745995423 0.045103092783505154 0.06435926773455378
0 0.3538445017182131 0.5506292906178489 0.0547680412371134 0.07151029748283753
0 0.311963058419244 0.6149885583524027 0.04188144329896907 0.060068649885583525
0 0.41935137457044674 0.6915045766590389 0.061211340206185565 0.052917620137299774
0 0.7039304123711341 0.6292906178489702 0.04402920962199313 0.07151029748283753
0 0.7764175257731959 0.6657608695652174 0.04725085910652921 0.05577803203661327
0 0.821520618556701 0.5477688787185355 0.040807560137457045 0.06292906178489703
0 0.7076890034364262 0.4719679633867277 0.0429553264604811 0.057208237986270026
0 0.5143900343642611 0.34110411899313503 0.0429553264604811 0.06721967963386728
0 0.46123281786941583 0.26244279176201374 0.05906357388316151 0.06435926773455378
0 0.36834192439862545 0.28532608695652173 0.03865979381443299 0.06721967963386728
0 0.5691580756013745 0.05005720823798627 0.0665807560137457 0.060068649885583525
0 0.8553479381443299 0.08867276887871854 0.05906357388316151 0.05434782608695652
0 0.8392396907216495 0.13872997711670482 0.0547680412371134 0.04576659038901602
0 0.8333333333333334 0.19808352402745996 0.045103092783505154 0.05005720823798627
0 0.8048754295532646 0.24098970251716248 0.0547680412371134 0.07866132723112128
0 0.7511812714776632 0.2431350114416476 0.039733676975945015 0.06578947368421052
0 0.8150773195876289 0.3403890160183066 0.040807560137457045 0.07723112128146453
0 0.8596434707903781 0.32036613272311215 0.04188144329896907 0.06864988558352403
0 0.8762886597938144 0.8788615560640732 0.05369415807560137 0.052917620137299774
0 0.2185352233676976 0.8109267734553776 0.046176975945017185 0.06292906178489703
0 0.18954037800687284 0.8452517162471396 0.05906357388316151 0.05434782608695652
0 0.2770618556701031 0.8981693363844394 0.05369415807560137 0.06578947368421052
0 0.5707689003436426 0.9539473684210527 0.05906357388316151 0.06292906178489703
0 0.6029853951890034 0.8724256292906178 0.039733676975945015 0.07723112128146453
0 0.5664733676975945 0.6779176201372997 0.05906357388316151 0.09725400457665904
0 0.6180197594501718 0.5899599542334096 0.07195017182130584 0.07580091533180779
0 0.6990979381443299 0.851687643020595 0.04939862542955326 0.08724256292906178
0 0.7474226804123711 0.9253432494279176 0.0429553264604811 0.04004576659038902
0 0.7495704467353952 0.9755434782608695 0.04725085910652921 0.04891304347826087
0 0.14604810996563575 0.5227402745995423 0.045103092783505154 0.06435926773455378
0 0.3538445017182131 0.5506292906178489 0.0547680412371134 0.07151029748283753
0 0.311963058419244 0.6149885583524027 0.04188144329896907 0.060068649885583525
0 0.41935137457044674 0.6915045766590389 0.061211340206185565 0.052917620137299774
0 0.7039304123711341 0.6292906178489702 0.04402920962199313 0.07151029748283753
0 0.7764175257731959 0.6657608695652174 0.04725085910652921 0.05577803203661327
0 0.821520618556701 0.5477688787185355 0.040807560137457045 0.06292906178489703
0 0.7076890034364262 0.4719679633867277 0.0429553264604811 0.057208237986270026
0 0.5143900343642611 0.34110411899313503 0.0429553264604811 0.06721967963386728
0 0.46123281786941583 0.26244279176201374 0.05906357388316151 0.06435926773455378
0 0.36834192439862545 0.28532608695652173 0.03865979381443299 0.06721967963386728
0 0.5691580756013745 0.05005720823798627 0.0665807560137457 0.060068649885583525
0 0.8553479381443299 0.08867276887871854 0.05906357388316151 0.05434782608695652
0 0.8392396907216495 0.13872997711670482 0.0547680412371134 0.04576659038901602
0 0.8333333333333334 0.19808352402745996 0.045103092783505154 0.05005720823798627
0 0.8048754295532646 0.24098970251716248 0.0547680412371134 0.07866132723112128
0 0.7511812714776632 0.2431350114416476 0.039733676975945015 0.06578947368421052
0 0.8150773195876289 0.3403890160183066 0.040807560137457045 0.07723112128146453
0 0.8596434707903781 0.32036613272311215 0.04188144329896907 0.06864988558352403
0 0.8762886597938144 0.8788615560640732 0.05369415807560137 0.052917620137299774
0 0.2185352233676976 0.8109267734553776 0.046176975945017185 0.06292906178489703
0 0.18954037800687284 0.8452517162471396 0.05906357388316151 0.05434782608695652
0 0.2770618556701031 0.8981693363844394 0.05369415807560137 0.06578947368421052
0 0.5707689003436426 0.9539473684210527 0.05906357388316151 0.06292906178489703
0 0.6029853951890034 0.8724256292906178 0.039733676975945015 0.07723112128146453
0 0.5664733676975945 0.6779176201372997 0.05906357388316151 0.09725400457665904
0 0.6180197594501718 0.5899599542334096 0.07195017182130584 0.07580091533180779
0 0.6990979381443299 0.851687643020595 0.04939862542955326 0.08724256292906178
0 0.7474226804123711 0.9253432494279176 0.0429553264604811 0.04004576659038902
0 0.7495704467353952 0.9755434782608695 0.04725085910652921 0.04891304347826087
0 0.14604810996563575 0.5227402745995423 0.045103092783505154 0.06435926773455378
0 0.3538445017182131 0.5506292906178489 0.0547680412371134 0.07151029748283753
0 0.311963058419244 0.6149885583524027 0.04188144329896907 0.060068649885583525
0 0.41935137457044674 0.6915045766590389 0.061211340206185565 0.052917620137299774
0 0.7039304123711341 0.6292906178489702 0.04402920962199313 0.07151029748283753
0 0.7764175257731959 0.6657608695652174 0.04725085910652921 0.05577803203661327
0 0.821520618556701 0.5477688787185355 0.040807560137457045 0.06292906178489703
0 0.7076890034364262 0.4719679633867277 0.0429553264604811 0.057208237986270026
0 0.5143900343642611 0.34110411899313503 0.0429553264604811 0.06721967963386728
0 0.46123281786941583 0.26244279176201374 0.05906357388316151 0.06435926773455378
0 0.36834192439862545 0.28532608695652173 0.03865979381443299 0.06721967963386728
0 0.5691580756013745 0.05005720823798627 0.0665807560137457 0.060068649885583525
0 0.8553479381443299 0.08867276887871854 0.05906357388316151 0.05434782608695652
0 0.8392396907216495 0.13872997711670482 0.0547680412371134 0.04576659038901602
0 0.8333333333333334 0.19808352402745996 0.045103092783505154 0.05005720823798627
0 0.8048754295532646 0.24098970251716248 0.0547680412371134 0.07866132723112128
0 0.7511812714776632 0.2431350114416476 0.039733676975945015 0.06578947368421052
0 0.8150773195876289 0.3403890160183066 0.040807560137457045 0.07723112128146453
0 0.8596434707903781 0.32036613272311215 0.04188144329896907 0.06864988558352403
0 0.8762886597938144 0.8788615560640732 0.05369415807560137 0.052917620137299774
0 0.2185352233676976 0.8109267734553776 0.046176975945017185 0.06292906178489703
0 0.18954037800687284 0.8452517162471396 0.05906357388316151 0.05434782608695652
0 0.2770618556701031 0.8981693363844394 0.05369415807560137 0.06578947368421052
0 0.5707689003436426 0.9539473684210527 0.05906357388316151 0.06292906178489703
0 0.6029853951890034 0.8724256292906178 0.039733676975945015 0.07723112128146453
0 0.5664733676975945 0.6779176201372997 0.05906357388316151 0.09725400457665904
0 0.6180197594501718 0.5899599542334096 0.07195017182130584 0.07580091533180779
0 0.6990979381443299 0.851687643020595 0.04939862542955326 0.08724256292906178
0 0.7474226804123711 0.9253432494279176 0.0429553264604811 0.04004576659038902
0 0.7495704467353952 0.9755434782608695 0.04725085910652921 0.04891304347826087
0 0.14604810996563575 0.5227402745995423 0.045103092783505154 0.06435926773455378
0 0.3538445017182131 0.5506292906178489 0.0547680412371134 0.07151029748283753
0 0.311963058419244 0.6149885583524027 0.04188144329896907 0.060068649885583525
0 0.41935137457044674 0.6915045766590389 0.061211340206185565 0.052917620137299774
0 0.7039304123711341 0.6292906178489702 0.04402920962199313 0.07151029748283753
0 0.7764175257731959 0.6657608695652174 0.04725085910652921 0.05577803203661327
0 0.821520618556701 0.5477688787185355 0.040807560137457045 0.06292906178489703
0 0.7076890034364262 0.4719679633867277 0.0429553264604811 0.057208237986270026
0 0.5143900343642611 0.34110411899313503 0.0429553264604811 0.06721967963386728
0 0.46123281786941583 0.26244279176201374 0.05906357388316151 0.06435926773455378
0 0.36834192439862545 0.28532608695652173 0.03865979381443299 0.06721967963386728
0 0.5691580756013745 0.05005720823798627 0.0665807560137457 0.060068649885583525
0 0.8553479381443299 0.08867276887871854 0.05906357388316151 0.05434782608695652
0 0.8392396907216495 0.13872997711670482 0.0547680412371134 0.04576659038901602
0 0.8333333333333334 0.19808352402745996 0.045103092783505154 0.05005720823798627
0 0.8048754295532646 0.24098970251716248 0.0547680412371134 0.07866132723112128
0 0.7511812714776632 0.2431350114416476 0.039733676975945015 0.06578947368421052
0 0.8150773195876289 0.3403890160183066 0.040807560137457045 0.07723112128146453
0 0.8596434707903781 0.32036613272311215 0.04188144329896907 0.06864988558352403
0 0.8762886597938144 0.8788615560640732 0.05369415807560137 0.052917620137299774
0 0.2185352233676976 0.8109267734553776 0.046176975945017185 0.06292906178489703
0 0.18954037800687284 0.8452517162471396 0.05906357388316151 0.05434782608695652
0 0.2770618556701031 0.8981693363844394 0.05369415807560137 0.06578947368421052
0 0.5707689003436426 0.9539473684210527 0.05906357388316151 0.06292906178489703
0 0.6029853951890034 0.8724256292906178 0.039733676975945015 0.07723112128146453
0 0.5664733676975945 0.6779176201372997 0.05906357388316151 0.09725400457665904
0 0.6180197594501718 0.5899599542334096 0.07195017182130584 0.07580091533180779
0 0.6990979381443299 0.851687643020595 0.04939862542955326 0.08724256292906178
0 0.7474226804123711 0.9253432494279176 0.0429553264604811 0.04004576659038902
0 0.7495704467353952 0.9755434782608695 0.04725085910652921 0.04891304347826087
0 0.14604810996563575 0.5227402745995423 0.045103092783505154 0.06435926773455378
0 0.3538445017182131 0.5506292906178489 0.0547680412371134 0.07151029748283753
0 0.311963058419244 0.6149885583524027 0.04188144329896907 0.060068649885583525
0 0.41935137457044674 0.6915045766590389 0.061211340206185565 0.052917620137299774
0 0.7039304123711341 0.6292906178489702 0.04402920962199313 0.07151029748283753
0 0.7764175257731959 0.6657608695652174 0.04725085910652921 0.05577803203661327
0 0.821520618556701 0.5477688787185355 0.040807560137457045 0.06292906178489703
0 0.7076890034364262 0.4719679633867277 0.0429553264604811 0.057208237986270026
0 0.5143900343642611 0.34110411899313503 0.0429553264604811 0.06721967963386728
0 0.46123281786941583 0.26244279176201374 0.05906357388316151 0.06435926773455378
0 0.36834192439862545 0.28532608695652173 0.03865979381443299 0.06721967963386728
0 0.5691580756013745 0.05005720823798627 0.0665807560137457 0.060068649885583525
0 0.8553479381443299 0.08867276887871854 0.05906357388316151 0.05434782608695652
0 0.8392396907216495 0.13872997711670482 0.0547680412371134 0.04576659038901602
0 0.8333333333333334 0.19808352402745996 0.045103092783505154 0.05005720823798627
0 0.8048754295532646 0.24098970251716248 0.0547680412371134 0.07866132723112128
0 0.7511812714776632 0.2431350114416476 0.039733676975945015 0.06578947368421052
0 0.8150773195876289 0.3403890160183066 0.040807560137457045 0.07723112128146453
0 0.8596434707903781 0.32036613272311215 0.04188144329896907 0.06864988558352403
0 0.8762886597938144 0.8788615560640732 0.05369415807560137 0.052917620137299774
0 0.2185352233676976 0.8109267734553776 0.046176975945017185 0.06292906178489703
0 0.18954037800687284 0.8452517162471396 0.05906357388316151 0.05434782608695652
0 0.2770618556701031 0.8981693363844394 0.05369415807560137 0.06578947368421052
0 0.5707689003436426 0.9539473684210527 0.05906357388316151 0.06292906178489703
0 0.6029853951890034 0.8724256292906178 0.039733676975945015 0.07723112128146453
0 0.5664733676975945 0.6779176201372997 0.05906357388316151 0.09725400457665904
0 0.6180197594501718 0.5899599542334096 0.07195017182130584 0.07580091533180779
0 0.6990979381443299 0.851687643020595 0.04939862542955326 0.08724256292906178
0 0.7474226804123711 0.9253432494279176 0.0429553264604811 0.04004576659038902
0 0.7495704467353952 0.9755434782608695 0.04725085910652921 0.04891304347826087
0 0.14604810996563575 0.5227402745995423 0.045103092783505154 0.06435926773455378
0 0.3538445017182131 0.5506292906178489 0.0547680412371134 0.07151029748283753
0 0.311963058419244 0.6149885583524027 0.04188144329896907 0.060068649885583525
0 0.41935137457044674 0.6915045766590389 0.061211340206185565 0.052917620137299774
0 0.7039304123711341 0.6292906178489702 0.04402920962199313 0.07151029748283753
0 0.7764175257731959 0.6657608695652174 0.04725085910652921 0.05577803203661327
0 0.821520618556701 0.5477688787185355 0.040807560137457045 0.06292906178489703
0 0.7076890034364262 0.4719679633867277 0.0429553264604811 0.057208237986270026
0 0.5143900343642611 0.34110411899313503 0.0429553264604811 0.06721967963386728
0 0.46123281786941583 0.26244279176201374 0.05906357388316151 0.06435926773455378
0 0.36834192439862545 0.28532608695652173 0.03865979381443299 0.06721967963386728
0 0.5691580756013745 0.05005720823798627 0.0665807560137457 0.060068649885583525
0 0.8553479381443299 0.08867276887871854 0.05906357388316151 0.05434782608695652
0 0.8392396907216495 0.13872997711670482 0.0547680412371134 0.04576659038901602
0 0.8333333333333334 0.19808352402745996 0.045103092783505154 0.05005720823798627
0 0.8048754295532646 0.24098970251716248 0.0547680412371134 0.07866132723112128
0 0.7511812714776632 0.2431350114416476 0.039733676975945015 0.06578947368421052
0 0.8150773195876289 0.3403890160183066 0.040807560137457045 0.07723112128146453
0 0.8596434707903781 0.32036613272311215 0.04188144329896907 0.06864988558352403
0 0.8762886597938144 0.8788615560640732 0.05369415807560137 0.052917620137299774
0 0.2185352233676976 0.8109267734553776 0.046176975945017185 0.06292906178489703
0 0.18954037800687284 0.8452517162471396 0.05906357388316151 0.05434782608695652
0 0.2770618556701031 0.8981693363844394 0.05369415807560137 0.06578947368421052
0 0.5707689003436426 0.9539473684210527 0.05906357388316151 0.06292906178489703
0 0.6029853951890034 0.8724256292906178 0.039733676975945015 0.07723112128146453
0 0.5664733676975945 0.6779176201372997 0.05906357388316151 0.09725400457665904
0 0.6180197594501718 0.5899599542334096 0.07195017182130584 0.07580091533180779
0 0.6990979381443299 0.851687643020595 0.04939862542955326 0.08724256292906178
0 0.7474226804123711 0.9253432494279176 0.0429553264604811 0.04004576659038902
0 0.7495704467353952 0.9755434782608695 0.04725085910652921 0.04891304347826087
0 0.14604810996563575 0.5227402745995423 0.045103092783505154 0.06435926773455378
0 0.3538445017182131 0.5506292906178489 0.0547680412371134 0.07151029748283753
0 0.311963058419244 0.6149885583524027 0.04188144329896907 0.060068649885583525
0 0.41935137457044674 0.6915045766590389 0.061211340206185565 0.052917620137299774
0 0.7039304123711341 0.6292906178489702 0.04402920962199313 0.07151029748283753
0 0.7764175257731959 0.6657608695652174 0.04725085910652921 0.05577803203661327
0 0.821520618556701 0.5477688787185355 0.040807560137457045 0.06292906178489703
0 0.7076890034364262 0.4719679633867277 0.0429553264604811 0.057208237986270026
0 0.5143900343642611 0.34110411899313503 0.0429553264604811 0.06721967963386728
0 0.46123281786941583 0.26244279176201374 0.05906357388316151 0.06435926773455378
0 0.36834192439862545 0.28532608695652173 0.03865979381443299 0.06721967963386728
0 0.5691580756013745 0.05005720823798627 0.0665807560137457 0.060068649885583525
0 0.8553479381443299 0.08867276887871854 0.05906357388316151 0.05434782608695652
0 0.8392396907216495 0.13872997711670482 0.0547680412371134 0.04576659038901602
0 0.8333333333333334 0.19808352402745996 0.045103092783505154 0.05005720823798627
0 0.8048754295532646 0.24098970251716248 0.0547680412371134 0.07866132723112128
0 0.7511812714776632 0.2431350114416476 0.039733676975945015 0.06578947368421052
0 0.8150773195876289 0.3403890160183066 0.040807560137457045 0.07723112128146453
0 0.8596434707903781 0.32036613272311215 0.04188144329896907 0.06864988558352403
0 0.8762886597938144 0.8788615560640732 0.05369415807560137 0.052917620137299774
0 0.2185352233676976 0.8109267734553776 0.046176975945017185 0.06292906178489703
0 0.18954037800687284 0.8452517162471396 0.05906357388316151 0.05434782608695652
0 0.2770618556701031 0.8981693363844394 0.05369415807560137 0.06578947368421052
0 0.5707689003436426 0.9539473684210527 0.05906357388316151 0.06292906178489703
0 0.6029853951890034 0.8724256292906178 0.039733676975945015 0.07723112128146453
0 0.5664733676975945 0.6779176201372997 0.05906357388316151 0.09725400457665904
0 0.6180197594501718 0.5899599542334096 0.07195017182130584 0.07580091533180779
0 0.6990979381443299 0.851687643020595 0.04939862542955326 0.08724256292906178
0 0.7474226804123711 0.9253432494279176 0.0429553264604811 0.04004576659038902
0 0.7495704467353952 0.9755434782608695 0.04725085910652921 0.04891304347826087
