0 0.16806271477663232 0.44765446224256294 0.0547680412371134 0.09725400457665904
0 0.14336340206185566 0.5234553775743707 0.046176975945017185 0.05434782608695652
0 0.35652920962199314 0.5513443935926774 0.05369415807560137 0.07008009153318077
0 0.313036941580756 0.6164187643020596 0.039733676975945015 0.06292906178489703
0 0.41988831615120276 0.6950800915331807 0.05584192439862543 0.057208237986270026
0 0.5664733676975945 0.676487414187643 0.046176975945017185 0.08581235697940504
0 0.6142611683848798 0.5885297482837528 0.06443298969072164 0.06435926773455378
0 0.2190721649484536 0.8087814645308925 0.0429553264604811 0.05863844393592677
0 0.19115120274914088 0.8459668192219679 0.045103092783505154 0.04719679633867277
0 0.27920962199312716 0.8938787185354691 0.04939862542955326 0.060068649885583525
0 0.5675472508591065 0.9539473684210527 0.05047250859106529 0.06292906178489703
0 0.6003006872852233 0.8852974828375286 0.03651202749140894 0.07151029748283753
0 0.6974871134020618 0.8545480549199085 0.04402920962199313 0.07294050343249428
0 0.7474226804123711 0.9189073226544623 0.040807560137457045 0.041475972540045765
0 0.7501073883161512 0.9741132723112128 0.039733676975945015 0.05177345537757437
0 0.8333333333333334 0.9669622425629291 0.04725085910652921 0.06607551487414187
0 0.8762886597938144 0.874570938215103 0.05369415807560137 0.04433638443935927
0 0.5696950171821306 0.05577803203661327 0.056915807560137456 0.06292906178489703
0 0.37263745704467355 0.2889016018306636 0.03436426116838488 0.07151029748283753
0 0.3162585910652921 0.3732837528604119 0.06980240549828179 0.09153318077803203
0 0.5165378006872853 0.3439645308924485 0.03436426116838488 0.05577803203661327
0 0.7076890034364262 0.4769736842105263 0.045103092783505154 0.05005720823798627
0 0.8188359106529209 0.5484839816933639 0.04188144329896907 0.05863844393592677
0 0.782860824742268 0.5978260869565217 0.05798969072164949 0.06864988558352403
0 0.7764175257731959 0.6679061784897025 0.040807560137457045 0.04862700228832952
0 0.7028565292096219 0.6292906178489702 0.04402920962199313 0.057208237986270026
0 0.6915807560137457 0.5656464530892449 0.040807560137457045 0.06435926773455378
0 0.8591065292096219 0.32036613272311215 0.0429553264604811 0.06578947368421052
0 0.8156142611683849 0.3403890160183066 0.04402920962199313 0.07437070938215103
0 0.7506443298969072 0.24385011441647597 0.03436426116838488 0.052917620137299774
0 0.8016537800687286 0.24098970251716248 0.05262027491408935 0.06721967963386728
0 0.8317225085910653 0.19808352402745996 0.04402920962199313 0.06435926773455378
0 0.8349441580756014 0.13801487414187644 0.0547680412371134 0.05005720823798627
0 0.8542740549828178 0.09367848970251716 0.05906357388316151 0.05005720823798627
0 0.16806271477663232 0.44765446224256294 0.0547680412371134 0.09725400457665904
0 0.14336340206185566 0.5234553775743707 0.046176975945017185 0.05434782608695652
0 0.35652920962199314 0.5513443935926774 0.05369415807560137 0.07008009153318077
0 0.313036941580756 0.6164187643020596 0.039733676975945015 0.06292906178489703
0 0.41988831615120276 0.6950800915331807 0.05584192439862543 0.057208237986270026
0 0.5664733676975945 0.676487414187643 0.046176975945017185 0.08581235697940504
0 0.6142611683848798 0.5885297482837528 0.06443298969072164 0.06435926773455378
0 0.2190721649484536 0.8087814645308925 0.0429553264604811 0.05863844393592677
0 0.19115120274914088 0.8459668192219679 0.045103092783505154 0.04719679633867277
0 0.27920962199312716 0.8938787185354691 0.04939862542955326 0.060068649885583525
0 0.5675472508591065 0.9539473684210527 0.05047250859106529 0.06292906178489703
0 0.6003006872852233 0.8852974828375286 0.03651202749140894 0.07151029748283753
0 0.6974871134020618 0.8545480549199085 0.04402920962199313 0.07294050343249428
0 0.7474226804123711 0.9189073226544623 0.040807560137457045 0.041475972540045765
0 0.7501073883161512 0.9741132723112128 0.039733676975945015 0.05177345537757437
0 0.8333333333333334 0.9669622425629291 0.04725085910652921 0.06607551487414187
0 0.8762886597938144 0.874570938215103 0.05369415807560137 0.04433638443935927
0 0.5696950171821306 0.05577803203661327 0.056915807560137456 0.06292906178489703
0 0.37263745704467355 0.2889016018306636 0.03436426116838488 0.07151029748283753
0 0.3162585910652921 0.3732837528604119 0.06980240549828179 0.09153318077803203
0 0.5165378006872853 0.3439645308924485 0.03436426116838488 0.05577803203661327
0 0.7076890034364262 0.4769736842105263 0.045103092783505154 0.05005720823798627
0 0.8188359106529209 0.5484839816933639 0.04188144329896907 0.05863844393592677
0 0.782860824742268 0.5978260869565217 0.05798969072164949 0.06864988558352403
0 0.7764175257731959 0.6679061784897025 0.040807560137457045 0.04862700228832952
0 0.7028565292096219 0.6292906178489702 0.04402920962199313 0.057208237986270026
0 0.6915807560137457 0.5656464530892449 0.040807560137457045 0.06435926773455378
0 0.8591065292096219 0.32036613272311215 0.0429553264604811 0.06578947368421052
0 0.8156142611683849 0.3403890160183066 0.04402920962199313 0.07437070938215103
0 0.7506443298969072 0.24385011441647597 0.03436426116838488 0.052917620137299774
0 0.8016537800687286 0.24098970251716248 0.05262027491408935 0.06721967963386728
0 0.8317225085910653 0.19808352402745996 0.04402920962199313 0.06435926773455378
0 0.8349441580756014 0.13801487414187644 0.0547680412371134 0.05005720823798627
0 0.8542740549828178 0.09367848970251716 0.05906357388316151 0.05005720823798627
0 0.16806271477663232 0.44765446224256294 0.0547680412371134 0.09725400457665904
0 0.14336340206185566 0.5234553775743707 0.046176975945017185 0.05434782608695652
0 0.35652920962199314 0.5513443935926774 0.05369415807560137 0.07008009153318077
0 0.313036941580756 0.6164187643020596 0.039733676975945015 0.06292906178489703
0 0.41988831615120276 0.6950800915331807 0.05584192439862543 0.057208237986270026
0 0.5664733676975945 0.676487414187643 0.046176975945017185 0.08581235697940504
0 0.6142611683848798 0.5885297482837528 0.06443298969072164 0.06435926773455378
0 0.2190721649484536 0.8087814645308925 0.0429553264604811 0.05863844393592677
0 0.19115120274914088 0.8459668192219679 0.045103092783505154 0.04719679633867277
0 0.27920962199312716 0.8938787185354691 0.04939862542955326 0.060068649885583525
0 0.5675472508591065 0.9539473684210527 0.05047250859106529 0.06292906178489703
0 0.6003006872852233 0.8852974828375286 0.03651202749140894 0.07151029748283753
0 0.6974871134020618 0.8545480549199085 0.04402920962199313 0.07294050343249428
0 0.7474226804123711 0.9189073226544623 0.040807560137457045 0.041475972540045765
0 0.7501073883161512 0.9741132723112128 0.039733676975945015 0.05177345537757437
0 0.8333333333333334 0.9669622425629291 0.04725085910652921 0.06607551487414187
0 0.8762886597938144 0.874570938215103 0.05369415807560137 0.04433638443935927
0 0.5696950171821306 0.05577803203661327 0.056915807560137456 0.06292906178489703
0 0.37263745704467355 0.2889016018306636 0.03436426116838488 0.07151029748283753
0 0.3162585910652921 0.3732837528604119 0.06980240549828179 0.09153318077803203
0 0.5165378006872853 0.3439645308924485 0.03436426116838488 0.05577803203661327
0 0.7076890034364262 0.4769736842105263 0.045103092783505154 0.05005720823798627
0 0.8188359106529209 0.5484839816933639 0.04188144329896907 0.05863844393592677
0 0.782860824742268 0.5978260869565217 0.05798969072164949 0.06864988558352403
0 0.7764175257731959 0.6679061784897025 0.040807560137457045 0.04862700228832952
0 0.7028565292096219 0.6292906178489702 0.04402920962199313 0.057208237986270026
0 0.6915807560137457 0.5656464530892449 0.040807560137457045 0.06435926773455378
0 0.8591065292096219 0.32036613272311215 0.0429553264604811 0.06578947368421052
0 0.8156142611683849 0.3403890160183066 0.04402920962199313 0.07437070938215103
0 0.7506443298969072 0.24385011441647597 0.03436426116838488 0.052917620137299774
0 0.8016537800687286 0.24098970251716248 0.05262027491408935 0.06721967963386728
0 0.8317225085910653 0.19808352402745996 0.04402920962199313 0.06435926773455378
0 0.8349441580756014 0.13801487414187644 0.0547680412371134 0.05005720823798627
0 0.8542740549828178 0.09367848970251716 0.05906357388316151 0.05005720823798627
0 0.16806271477663232 0.44765446224256294 0.0547680412371134 0.09725400457665904
0 0.14336340206185566 0.5234553775743707 0.046176975945017185 0.05434782608695652
0 0.35652920962199314 0.5513443935926774 0.05369415807560137 0.07008009153318077
0 0.313036941580756 0.6164187643020596 0.039733676975945015 0.06292906178489703
0 0.41988831615120276 0.6950800915331807 0.05584192439862543 0.057208237986270026
0 0.5664733676975945 0.676487414187643 0.046176975945017185 0.08581235697940504
0 0.6142611683848798 0.5885297482837528 0.06443298969072164 0.06435926773455378
0 0.2190721649484536 0.8087814645308925 0.0429553264604811 0.05863844393592677
0 0.19115120274914088 0.8459668192219679 0.045103092783505154 0.04719679633867277
0 0.27920962199312716 0.8938787185354691 0.04939862542955326 0.060068649885583525
0 0.5675472508591065 0.9539473684210527 0.05047250859106529 0.06292906178489703
0 0.6003006872852233 0.8852974828375286 0.03651202749140894 0.07151029748283753
0 0.6974871134020618 0.8545480549199085 0.04402920962199313 0.07294050343249428
0 0.7474226804123711 0.9189073226544623 0.040807560137457045 0.041475972540045765
0 0.7501073883161512 0.9741132723112128 0.039733676975945015 0.05177345537757437
0 0.8333333333333334 0.9669622425629291 0.04725085910652921 0.06607551487414187
0 0.8762886597938144 0.874570938215103 0.05369415807560137 0.04433638443935927
0 0.5696950171821306 0.05577803203661327 0.056915807560137456 0.06292906178489703
0 0.37263745704467355 0.2889016018306636 0.03436426116838488 0.07151029748283753
0 0.3162585910652921 0.3732837528604119 0.06980240549828179 0.09153318077803203
0 0.5165378006872853 0.3439645308924485 0.03436426116838488 0.05577803203661327
0 0.7076890034364262 0.4769736842105263 0.045103092783505154 0.05005720823798627
0 0.8188359106529209 0.5484839816933639 0.04188144329896907 0.05863844393592677
0 0.782860824742268 0.5978260869565217 0.05798969072164949 0.06864988558352403
0 0.7764175257731959 0.6679061784897025 0.040807560137457045 0.04862700228832952
0 0.7028565292096219 0.6292906178489702 0.04402920962199313 0.057208237986270026
0 0.6915807560137457 0.5656464530892449 0.040807560137457045 0.06435926773455378
0 0.8591065292096219 0.32036613272311215 0.0429553264604811 0.06578947368421052
0 0.8156142611683849 0.3403890160183066 0.04402920962199313 0.07437070938215103
0 0.7506443298969072 0.24385011441647597 0.03436426116838488 0.052917620137299774
0 0.8016537800687286 0.24098970251716248 0.05262027491408935 0.06721967963386728
0 0.8317225085910653 0.19808352402745996 0.04402920962199313 0.06435926773455378
0 0.8349441580756014 0.13801487414187644 0.0547680412371134 0.05005720823798627
0 0.8542740549828178 0.09367848970251716 0.05906357388316151 0.05005720823798627
0 0.16806271477663232 0.44765446224256294 0.0547680412371134 0.09725400457665904
0 0.14336340206185566 0.5234553775743707 0.046176975945017185 0.05434782608695652
0 0.35652920962199314 0.5513443935926774 0.05369415807560137 0.07008009153318077
0 0.313036941580756 0.6164187643020596 0.039733676975945015 0.06292906178489703
0 0.41988831615120276 0.6950800915331807 0.05584192439862543 0.057208237986270026
0 0.5664733676975945 0.676487414187643 0.046176975945017185 0.08581235697940504
0 0.6142611683848798 0.5885297482837528 0.06443298969072164 0.06435926773455378
0 0.2190721649484536 0.8087814645308925 0.0429553264604811 0.05863844393592677
0 0.19115120274914088 0.8459668192219679 0.045103092783505154 0.04719679633867277
0 0.27920962199312716 0.8938787185354691 0.04939862542955326 0.060068649885583525
0 0.5675472508591065 0.9539473684210527 0.05047250859106529 0.06292906178489703
0 0.6003006872852233 0.8852974828375286 0.03651202749140894 0.07151029748283753
0 0.6974871134020618 0.8545480549199085 0.04402920962199313 0.07294050343249428
0 0.7474226804123711 0.9189073226544623 0.040807560137457045 0.041475972540045765
0 0.7501073883161512 0.9741132723112128 0.039733676975945015 0.05177345537757437
0 0.8333333333333334 0.9669622425629291 0.04725085910652921 0.06607551487414187
0 0.8762886597938144 0.874570938215103 0.05369415807560137 0.04433638443935927
0 0.5696950171821306 0.05577803203661327 0.056915807560137456 0.06292906178489703
0 0.37263745704467355 0.2889016018306636 0.03436426116838488 0.07151029748283753
0 0.3162585910652921 0.3732837528604119 0.06980240549828179 0.09153318077803203
0 0.5165378006872853 0.3439645308924485 0.03436426116838488 0.05577803203661327
0 0.7076890034364262 0.4769736842105263 0.045103092783505154 0.05005720823798627
0 0.8188359106529209 0.5484839816933639 0.04188144329896907 0.05863844393592677
0 0.782860824742268 0.5978260869565217 0.05798969072164949 0.06864988558352403
0 0.7764175257731959 0.6679061784897025 0.040807560137457045 0.04862700228832952
0 0.7028565292096219 0.6292906178489702 0.04402920962199313 0.057208237986270026
0 0.6915807560137457 0.5656464530892449 0.040807560137457045 0.06435926773455378
0 0.8591065292096219 0.32036613272311215 0.0429553264604811 0.06578947368421052
0 0.8156142611683849 0.3403890160183066 0.04402920962199313 0.07437070938215103
0 0.7506443298969072 0.24385011441647597 0.03436426116838488 0.052917620137299774
0 0.8016537800687286 0.24098970251716248 0.05262027491408935 0.06721967963386728
0 0.8317225085910653 0.19808352402745996 0.04402920962199313 0.06435926773455378
0 0.8349441580756014 0.13801487414187644 0.0547680412371134 0.05005720823798627
0 0.8542740549828178 0.09367848970251716 0.05906357388316151 0.05005720823798627
0 0.16806271477663232 0.44765446224256294 0.0547680412371134 0.09725400457665904
0 0.14336340206185566 0.5234553775743707 0.046176975945017185 0.05434782608695652
0 0.35652920962199314 0.5513443935926774 0.05369415807560137 0.07008009153318077
0 0.313036941580756 0.6164187643020596 0.039733676975945015 0.06292906178489703
0 0.41988831615120276 0.6950800915331807 0.05584192439862543 0.057208237986270026
0 0.5664733676975945 0.676487414187643 0.046176975945017185 0.08581235697940504
0 0.6142611683848798 0.5885297482837528 0.06443298969072164 0.06435926773455378
0 0.2190721649484536 0.8087814645308925 0.0429553264604811 0.05863844393592677
0 0.19115120274914088 0.8459668192219679 0.045103092783505154 0.04719679633867277
0 0.27920962199312716 0.8938787185354691 0.04939862542955326 0.060068649885583525
0 0.5675472508591065 0.9539473684210527 0.05047250859106529 0.06292906178489703
0 0.6003006872852233 0.8852974828375286 0.03651202749140894 0.07151029748283753
0 0.6974871134020618 0.8545480549199085 0.04402920962199313 0.07294050343249428
0 0.7474226804123711 0.9189073226544623 0.040807560137457045 0.041475972540045765
0 0.7501073883161512 0.9741132723112128 0.039733676975945015 0.05177345537757437
0 0.8333333333333334 0.9669622425629291 0.04725085910652921 0.06607551487414187
0 0.8762886597938144 0.874570938215103 0.05369415807560137 0.04433638443935927
0 0.5696950171821306 0.05577803203661327 0.056915807560137456 0.06292906178489703
0 0.37263745704467355 0.2889016018306636 0.03436426116838488 0.07151029748283753
0 0.3162585910652921 0.3732837528604119 0.06980240549828179 0.09153318077803203
0 0.5165378006872853 0.3439645308924485 0.03436426116838488 0.05577803203661327
0 0.7076890034364262 0.4769736842105263 0.045103092783505154 0.05005720823798627
0 0.8188359106529209 0.5484839816933639 0.04188144329896907 0.05863844393592677
0 0.782860824742268 0.5978260869565217 0.05798969072164949 0.06864988558352403
0 0.7764175257731959 0.6679061784897025 0.040807560137457045 0.04862700228832952
0 0.7028565292096219 0.6292906178489702 0.04402920962199313 0.057208237986270026
0 0.6915807560137457 0.5656464530892449 0.040807560137457045 0.06435926773455378
0 0.8591065292096219 0.32036613272311215 0.0429553264604811 0.06578947368421052
0 0.8156142611683849 0.3403890160183066 0.04402920962199313 0.07437070938215103
0 0.7506443298969072 0.24385011441647597 0.03436426116838488 0.052917620137299774
0 0.8016537800687286 0.24098970251716248 0.05262027491408935 0.06721967963386728
0 0.8317225085910653 0.19808352402745996 0.04402920962199313 0.06435926773455378
0 0.8349441580756014 0.13801487414187644 0.0547680412371134 0.05005720823798627
0 0.8542740549828178 0.09367848970251716 0.05906357388316151 0.05005720823798627
0 0.16806271477663232 0.44765446224256294 0.0547680412371134 0.09725400457665904
0 0.14336340206185566 0.5234553775743707 0.046176975945017185 0.05434782608695652
0 0.35652920962199314 0.5513443935926774 0.05369415807560137 0.07008009153318077
0 0.313036941580756 0.6164187643020596 0.039733676975945015 0.06292906178489703
0 0.41988831615120276 0.6950800915331807 0.05584192439862543 0.057208237986270026
0 0.5664733676975945 0.676487414187643 0.046176975945017185 0.08581235697940504
0 0.6142611683848798 0.5885297482837528 0.06443298969072164 0.06435926773455378
0 0.2190721649484536 0.8087814645308925 0.0429553264604811 0.05863844393592677
0 0.19115120274914088 0.8459668192219679 0.045103092783505154 0.04719679633867277
0 0.27920962199312716 0.8938787185354691 0.04939862542955326 0.060068649885583525
0 0.5675472508591065 0.9539473684210527 0.05047250859106529 0.06292906178489703
0 0.6003006872852233 0.8852974828375286 0.03651202749140894 0.07151029748283753
0 0.6974871134020618 0.8545480549199085 0.04402920962199313 0.07294050343249428
0 0.7474226804123711 0.9189073226544623 0.040807560137457045 0.041475972540045765
0 0.7501073883161512 0.9741132723112128 0.039733676975945015 0.05177345537757437
0 0.8333333333333334 0.9669622425629291 0.04725085910652921 0.06607551487414187
0 0.8762886597938144 0.874570938215103 0.05369415807560137 0.04433638443935927
0 0.5696950171821306 0.05577803203661327 0.056915807560137456 0.06292906178489703
0 0.37263745704467355 0.2889016018306636 0.03436426116838488 0.07151029748283753
0 0.3162585910652921 0.3732837528604119 0.06980240549828179 0.09153318077803203
0 0.5165378006872853 0.3439645308924485 0.03436426116838488 0.05577803203661327
0 0.7076890034364262 0.4769736842105263 0.045103092783505154 0.05005720823798627
0 0.8188359106529209 0.5484839816933639 0.04188144329896907 0.05863844393592677
0 0.782860824742268 0.5978260869565217 0.05798969072164949 0.06864988558352403
0 0.7764175257731959 0.6679061784897025 0.040807560137457045 0.04862700228832952
0 0.7028565292096219 0.6292906178489702 0.04402920962199313 0.057208237986270026
0 0.6915807560137457 0.5656464530892449 0.040807560137457045 0.06435926773455378
0 0.8591065292096219 0.32036613272311215 0.0429553264604811 0.06578947368421052
0 0.8156142611683849 0.3403890160183066 0.04402920962199313 0.07437070938215103
0 0.7506443298969072 0.24385011441647597 0.03436426116838488 0.052917620137299774
0 0.8016537800687286 0.24098970251716248 0.05262027491408935 0.06721967963386728
0 0.8317225085910653 0.19808352402745996 0.04402920962199313 0.06435926773455378
0 0.8349441580756014 0.13801487414187644 0.0547680412371134 0.05005720823798627
0 0.8542740549828178 0.09367848970251716 0.05906357388316151 0.05005720823798627
0 0.16806271477663232 0.44765446224256294 0.0547680412371134 0.09725400457665904
0 0.14336340206185566 0.5234553775743707 0.046176975945017185 0.05434782608695652
0 0.35652920962199314 0.5513443935926774 0.05369415807560137 0.07008009153318077
0 0.313036941580756 0.6164187643020596 0.039733676975945015 0.06292906178489703
0 0.41988831615120276 0.6950800915331807 0.05584192439862543 0.057208237986270026
0 0.5664733676975945 0.676487414187643 0.046176975945017185 0.08581235697940504
0 0.6142611683848798 0.5885297482837528 0.06443298969072164 0.06435926773455378
0 0.2190721649484536 0.8087814645308925 0.0429553264604811 0.05863844393592677
0 0.19115120274914088 0.8459668192219679 0.045103092783505154 0.04719679633867277
0 0.27920962199312716 0.8938787185354691 0.04939862542955326 0.060068649885583525
0 0.5675472508591065 0.9539473684210527 0.05047250859106529 0.06292906178489703
0 0.6003006872852233 0.8852974828375286 0.03651202749140894 0.07151029748283753
0 0.6974871134020618 0.8545480549199085 0.04402920962199313 0.07294050343249428
0 0.7474226804123711 0.9189073226544623 0.040807560137457045 0.041475972540045765
0 0.7501073883161512 0.9741132723112128 0.039733676975945015 0.05177345537757437
0 0.8333333333333334 0.9669622425629291 0.04725085910652921 0.06607551487414187
0 0.8762886597938144 0.874570938215103 0.05369415807560137 0.04433638443935927
0 0.5696950171821306 0.05577803203661327 0.056915807560137456 0.06292906178489703
0 0.37263745704467355 0.2889016018306636 0.03436426116838488 0.07151029748283753
0 0.3162585910652921 0.3732837528604119 0.06980240549828179 0.09153318077803203
0 0.5165378006872853 0.3439645308924485 0.03436426116838488 0.05577803203661327
0 0.7076890034364262 0.4769736842105263 0.045103092783505154 0.05005720823798627
0 0.8188359106529209 0.5484839816933639 0.04188144329896907 0.05863844393592677
0 0.782860824742268 0.5978260869565217 0.05798969072164949 0.06864988558352403
0 0.7764175257731959 0.6679061784897025 0.040807560137457045 0.04862700228832952
0 0.7028565292096219 0.6292906178489702 0.04402920962199313 0.057208237986270026
0 0.6915807560137457 0.5656464530892449 0.040807560137457045 0.06435926773455378
0 0.8591065292096219 0.32036613272311215 0.0429553264604811 0.06578947368421052
0 0.8156142611683849 0.3403890160183066 0.04402920962199313 0.07437070938215103
0 0.7506443298969072 0.24385011441647597 0.03436426116838488 0.052917620137299774
0 0.8016537800687286 0.24098970251716248 0.05262027491408935 0.06721967963386728
0 0.8317225085910653 0.19808352402745996 0.04402920962199313 0.06435926773455378
0 0.8349441580756014 0.13801487414187644 0.0547680412371134 0.05005720823798627
0 0.8542740549828178 0.09367848970251716 0.05906357388316151 0.05005720823798627
0 0.16806271477663232 0.44765446224256294 0.0547680412371134 0.09725400457665904
0 0.14336340206185566 0.5234553775743707 0.046176975945017185 0.05434782608695652
0 0.35652920962199314 0.5513443935926774 0.05369415807560137 0.07008009153318077
0 0.313036941580756 0.6164187643020596 0.039733676975945015 0.06292906178489703
0 0.41988831615120276 0.6950800915331807 0.05584192439862543 0.057208237986270026
0 0.5664733676975945 0.676487414187643 0.046176975945017185 0.08581235697940504
0 0.6142611683848798 0.5885297482837528 0.06443298969072164 0.06435926773455378
0 0.2190721649484536 0.8087814645308925 0.0429553264604811 0.05863844393592677
0 0.19115120274914088 0.8459668192219679 0.045103092783505154 0.04719679633867277
0 0.27920962199312716 0.8938787185354691 0.04939862542955326 0.060068649885583525
0 0.5675472508591065 0.9539473684210527 0.05047250859106529 0.06292906178489703
0 0.6003006872852233 0.8852974828375286 0.03651202749140894 0.07151029748283753
0 0.6974871134020618 0.8545480549199085 0.04402920962199313 0.07294050343249428
0 0.7474226804123711 0.9189073226544623 0.040807560137457045 0.041475972540045765
0 0.7501073883161512 0.9741132723112128 0.039733676975945015 0.05177345537757437
0 0.8333333333333334 0.9669622425629291 0.04725085910652921 0.06607551487414187
0 0.8762886597938144 0.874570938215103 0.05369415807560137 0.04433638443935927
0 0.5696950171821306 0.05577803203661327 0.056915807560137456 0.06292906178489703
0 0.37263745704467355 0.2889016018306636 0.03436426116838488 0.07151029748283753
0 0.3162585910652921 0.3732837528604119 0.06980240549828179 0.09153318077803203
0 0.5165378006872853 0.3439645308924485 0.03436426116838488 0.05577803203661327
0 0.7076890034364262 0.4769736842105263 0.045103092783505154 0.05005720823798627
0 0.8188359106529209 0.5484839816933639 0.04188144329896907 0.05863844393592677
0 0.782860824742268 0.5978260869565217 0.05798969072164949 0.06864988558352403
0 0.7764175257731959 0.6679061784897025 0.040807560137457045 0.04862700228832952
0 0.7028565292096219 0.6292906178489702 0.04402920962199313 0.057208237986270026
0 0.6915807560137457 0.5656464530892449 0.040807560137457045 0.06435926773455378
0 0.8591065292096219 0.32036613272311215 0.0429553264604811 0.06578947368421052
0 0.8156142611683849 0.3403890160183066 0.04402920962199313 0.07437070938215103
0 0.7506443298969072 0.24385011441647597 0.03436426116838488 0.052917620137299774
0 0.8016537800687286 0.24098970251716248 0.05262027491408935 0.06721967963386728
0 0.8317225085910653 0.19808352402745996 0.04402920962199313 0.06435926773455378
0 0.8349441580756014 0.13801487414187644 0.0547680412371134 0.05005720823798627
0 0.8542740549828178 0.09367848970251716 0.05906357388316151 0.05005720823798627
