0 0.2518229166666667 0.7970671296296297 0.046875 0.1496898148148148
0 0.6150169270833333 0.5800925925925926 0.052950520833333334 0.12962962962962962
0 0.6778645833333333 0.35555555555555557 0.052083333333333336 0.14351851851851852
0 0.2518229166666667 0.7970671296296297 0.046875 0.1496898148148148
0 0.6150169270833333 0.5800925925925926 0.052950520833333334 0.12962962962962962
0 0.6778645833333333 0.35555555555555557 0.052083333333333336 0.14351851851851852
0 0.2518229166666667 0.7970671296296297 0.046875 0.1496898148148148
0 0.6150169270833333 0.5800925925925926 0.052950520833333334 0.12962962962962962
0 0.6778645833333333 0.35555555555555557 0.052083333333333336 0.14351851851851852
0 0.2518229166666667 0.7970671296296297 0.046875 0.1496898148148148
0 0.6150169270833333 0.5800925925925926 0.052950520833333334 0.12962962962962962
0 0.6778645833333333 0.35555555555555557 0.052083333333333336 0.14351851851851852
0 0.2518229166666667 0.7970671296296297 0.046875 0.1496898148148148
0 0.6150169270833333 0.5800925925925926 0.052950520833333334 0.12962962962962962
0 0.6778645833333333 0.35555555555555557 0.052083333333333336 0.14351851851851852
0 0.2518229166666667 0.7970671296296297 0.046875 0.1496898148148148
0 0.6150169270833333 0.5800925925925926 0.052950520833333334 0.12962962962962962
0 0.6778645833333333 0.35555555555555557 0.052083333333333336 0.14351851851851852
0 0.2518229166666667 0.7970671296296297 0.046875 0.1496898148148148
0 0.6150169270833333 0.5800925925925926 0.052950520833333334 0.12962962962962962
0 0.6778645833333333 0.35555555555555557 0.052083333333333336 0.14351851851851852
0 0.2518229166666667 0.7970671296296297 0.046875 0.1496898148148148
0 0.6150169270833333 0.5800925925925926 0.052950520833333334 0.12962962962962962
0 0.6778645833333333 0.35555555555555557 0.052083333333333336 0.14351851851851852
0 0.2518229166666667 0.7970671296296297 0.046875 0.1496898148148148
0 0.6150169270833333 0.5800925925925926 0.052950520833333334 0.12962962962962962
0 0.6778645833333333 0.35555555555555557 0.052083333333333336 0.14351851851851852
