0 0.2140625 0.05848842592592592 0.044270833333333336 0.11419907407407406
0 0.5520833333333334 0.5229930555555555 0.08854166666666667 0.08024537037037037
0 0.8729166666666667 0.9226851851851852 0.0390625 0.12037037037037036
0 0.2140625 0.05848842592592592 0.044270833333333336 0.11419907407407406
0 0.5520833333333334 0.5229930555555555 0.08854166666666667 0.08024537037037037
0 0.8729166666666667 0.9226851851851852 0.0390625 0.12037037037037036
0 0.2140625 0.05848842592592592 0.044270833333333336 0.11419907407407406
0 0.5520833333333334 0.5229930555555555 0.08854166666666667 0.08024537037037037
0 0.8729166666666667 0.9226851851851852 0.0390625 0.12037037037037036
0 0.2140625 0.05848842592592592 0.044270833333333336 0.11419907407407406
0 0.5520833333333334 0.5229930555555555 0.08854166666666667 0.08024537037037037
0 0.8729166666666667 0.9226851851851852 0.0390625 0.12037037037037036
0 0.2140625 0.05848842592592592 0.044270833333333336 0.11419907407407406
0 0.5520833333333334 0.5229930555555555 0.08854166666666667 0.08024537037037037
0 0.8729166666666667 0.9226851851851852 0.0390625 0.12037037037037036
0 0.2140625 0.05848842592592592 0.044270833333333336 0.11419907407407406
0 0.5520833333333334 0.5229930555555555 0.08854166666666667 0.08024537037037037
0 0.8729166666666667 0.9226851851851852 0.0390625 0.12037037037037036
0 0.2140625 0.05848842592592592 0.044270833333333336 0.11419907407407406
0 0.5520833333333334 0.5229930555555555 0.08854166666666667 0.08024537037037037
0 0.8729166666666667 0.9226851851851852 0.0390625 0.12037037037037036
0 0.2140625 0.05848842592592592 0.044270833333333336 0.11419907407407406
0 0.5520833333333334 0.5229930555555555 0.08854166666666667 0.08024537037037037
0 0.8729166666666667 0.9226851851851852 0.0390625 0.12037037037037036
0 0.2140625 0.05848842592592592 0.044270833333333336 0.11419907407407406
0 0.5520833333333334 0.5229930555555555 0.08854166666666667 0.08024537037037037
0 0.8729166666666667 0.9226851851851852 0.0390625 0.12037037037037036
