0 0.12977473958333333 0.36049305555555555 0.05121614583333333 0.13117129629629629
0 0.19609375 0.7654328703703703 0.046875 0.1327175925925926
0 0.64921875 0.8285486111111111 0.0625 0.07098611111111111
0 0.12977473958333333 0.36049305555555555 0.05121614583333333 0.13117129629629629
0 0.19609375 0.7654328703703703 0.046875 0.1327175925925926
0 0.64921875 0.8285486111111111 0.0625 0.07098611111111111
0 0.12977473958333333 0.36049305555555555 0.05121614583333333 0.13117129629629629
0 0.19609375 0.7654328703703703 0.046875 0.1327175925925926
0 0.64921875 0.8285486111111111 0.0625 0.07098611111111111
0 0.12977473958333333 0.36049305555555555 0.05121614583333333 0.13117129629629629
0 0.19609375 0.7654328703703703 0.046875 0.1327175925925926
0 0.64921875 0.8285486111111111 0.0625 0.07098611111111111
0 0.12977473958333333 0.36049305555555555 0.05121614583333333 0.13117129629629629
0 0.19609375 0.7654328703703703 0.046875 0.1327175925925926
0 0.64921875 0.8285486111111111 0.0625 0.07098611111111111
0 0.12977473958333333 0.36049305555555555 0.05121614583333333 0.13117129629629629
0 0.19609375 0.7654328703703703 0.046875 0.1327175925925926
0 0.64921875 0.8285486111111111 0.0625 0.07098611111111111
0 0.12977473958333333 0.36049305555555555 0.05121614583333333 0.13117129629629629
0 0.19609375 0.7654328703703703 0.046875 0.1327175925925926
0 0.64921875 0.8285486111111111 0.0625 0.07098611111111111
0 0.12977473958333333 0.36049305555555555 0.05121614583333333 0.13117129629629629
0 0.19609375 0.7654328703703703 0.046875 0.1327175925925926
0 0.64921875 0.8285486111111111 0.0625 0.07098611111111111
0 0.12977473958333333 0.36049305555555555 0.05121614583333333 0.13117129629629629
0 0.19609375 0.7654328703703703 0.046875 0.1327175925925926
0 0.64921875 0.8285486111111111 0.0625 0.07098611111111111
