0 0.37626171875000003 0.7388263888888889 0.04835677083333333 0.12857870370370372
0 0.8110234374999999 0.2070949074074074 0.061109375 0.08363425925925926
0 0.37626171875000003 0.7388263888888889 0.04835677083333333 0.12857870370370372
0 0.8110234374999999 0.2070949074074074 0.061109375 0.08363425925925926
0 0.37626171875000003 0.7388263888888889 0.04835677083333333 0.12857870370370372
0 0.8110234374999999 0.2070949074074074 0.061109375 0.08363425925925926
0 0.37626171875000003 0.7388263888888889 0.04835677083333333 0.12857870370370372
0 0.8110234374999999 0.2070949074074074 0.061109375 0.08363425925925926
0 0.37626171875000003 0.7388263888888889 0.04835677083333333 0.12857870370370372
0 0.8110234374999999 0.2070949074074074 0.061109375 0.08363425925925926
0 0.37626171875000003 0.7388263888888889 0.04835677083333333 0.12857870370370372
0 0.8110234374999999 0.2070949074074074 0.061109375 0.08363425925925926
0 0.37626171875000003 0.7388263888888889 0.04835677083333333 0.12857870370370372
0 0.8110234374999999 0.2070949074074074 0.061109375 0.08363425925925926
0 0.37626171875000003 0.7388263888888889 0.04835677083333333 0.12857870370370372
0 0.8110234374999999 0.2070949074074074 0.061109375 0.08363425925925926
0 0.37626171875000003 0.7388263888888889 0.04835677083333333 0.12857870370370372
0 0.8110234374999999 0.2070949074074074 0.061109375 0.08363425925925926
