0 0.1375 0.3277777777777778 0.0546875 0.09722222222222222
0 0.8732643229166667 0.6342592592592593 0.048611979166666666 0.10185185185185185
0 0.1375 0.3277777777777778 0.0546875 0.09722222222222222
0 0.8732643229166667 0.6342592592592593 0.048611979166666666 0.10185185185185185
0 0.1375 0.3277777777777778 0.0546875 0.09722222222222222
0 0.8732643229166667 0.6342592592592593 0.048611979166666666 0.10185185185185185
0 0.1375 0.3277777777777778 0.0546875 0.09722222222222222
0 0.8732643229166667 0.6342592592592593 0.048611979166666666 0.10185185185185185
0 0.1375 0.3277777777777778 0.0546875 0.09722222222222222
0 0.8732643229166667 0.6342592592592593 0.048611979166666666 0.10185185185185185
0 0.1375 0.3277777777777778 0.0546875 0.09722222222222222
0 0.8732643229166667 0.6342592592592593 0.048611979166666666 0.10185185185185185
0 0.1375 0.3277777777777778 0.0546875 0.09722222222222222
0 0.8732643229166667 0.6342592592592593 0.048611979166666666 0.10185185185185185
0 0.1375 0.3277777777777778 0.0546875 0.09722222222222222
0 0.8732643229166667 0.6342592592592593 0.048611979166666666 0.10185185185185185
0 0.1375 0.3277777777777778 0.0546875 0.09722222222222222
0 0.8732643229166667 0.6342592592592593 0.048611979166666666 0.10185185185185185
