0 0.22925390625 0.42978472222222225 0.06423697916666667 0.09105092592592592
0 0.5131080729166667 0.1302476851851852 0.048611979166666666 0.165125
0 0.87144140625 0.8925925925925926 0.05902864583333333 0.06944444444444445
0 0.22925390625 0.42978472222222225 0.06423697916666667 0.09105092592592592
0 0.5131080729166667 0.1302476851851852 0.048611979166666666 0.165125
0 0.87144140625 0.8925925925925926 0.05902864583333333 0.06944444444444445
0 0.22925390625 0.42978472222222225 0.06423697916666667 0.09105092592592592
0 0.5131080729166667 0.1302476851851852 0.048611979166666666 0.165125
0 0.87144140625 0.8925925925925926 0.05902864583333333 0.06944444444444445
0 0.22925390625 0.42978472222222225 0.06423697916666667 0.09105092592592592
0 0.5131080729166667 0.1302476851851852 0.048611979166666666 0.165125
0 0.87144140625 0.8925925925925926 0.05902864583333333 0.06944444444444445
0 0.22925390625 0.42978472222222225 0.06423697916666667 0.09105092592592592
0 0.5131080729166667 0.1302476851851852 0.048611979166666666 0.165125
0 0.87144140625 0.8925925925925926 0.05902864583333333 0.06944444444444445
0 0.22925390625 0.42978472222222225 0.06423697916666667 0.09105092592592592
0 0.5131080729166667 0.1302476851851852 0.048611979166666666 0.165125
0 0.87144140625 0.8925925925925926 0.05902864583333333 0.06944444444444445
0 0.22925390625 0.42978472222222225 0.06423697916666667 0.09105092592592592
0 0.5131080729166667 0.1302476851851852 0.048611979166666666 0.165125
0 0.87144140625 0.8925925925925926 0.05902864583333333 0.06944444444444445
0 0.22925390625 0.42978472222222225 0.06423697916666667 0.09105092592592592
0 0.5131080729166667 0.1302476851851852 0.048611979166666666 0.165125
0 0.87144140625 0.8925925925925926 0.05902864583333333 0.06944444444444445
0 0.22925390625 0.42978472222222225 0.06423697916666667 0.09105092592592592
0 0.5131080729166667 0.1302476851851852 0.048611979166666666 0.165125
0 0.87144140625 0.8925925925925926 0.05902864583333333 0.06944444444444445
