0 0.6705729166666666 0.3543217592592593 0.049479166666666664 0.09105092592592592
0 0.4875 0.6220671296296296 0.0703125 0.11728240740740742
0 0.6705729166666666 0.3543217592592593 0.049479166666666664 0.09105092592592592
0 0.4875 0.6220671296296296 0.0703125 0.11728240740740742
0 0.6705729166666666 0.3543217592592593 0.049479166666666664 0.09105092592592592
0 0.4875 0.6220671296296296 0.0703125 0.11728240740740742
0 0.6705729166666666 0.3543217592592593 0.049479166666666664 0.09105092592592592
0 0.4875 0.6220671296296296 0.0703125 0.11728240740740742
0 0.6705729166666666 0.3543217592592593 0.049479166666666664 0.09105092592592592
0 0.4875 0.6220671296296296 0.0703125 0.11728240740740742
0 0.6705729166666666 0.3543217592592593 0.049479166666666664 0.09105092592592592
0 0.4875 0.6220671296296296 0.0703125 0.11728240740740742
0 0.6705729166666666 0.3543217592592593 0.049479166666666664 0.09105092592592592
0 0.4875 0.6220671296296296 0.0703125 0.11728240740740742
0 0.6705729166666666 0.3543217592592593 0.049479166666666664 0.09105092592592592
0 0.4875 0.6220671296296296 0.0703125 0.11728240740740742
0 0.6705729166666666 0.3543217592592593 0.049479166666666664 0.09105092592592592
0 0.4875 0.6220671296296296 0.0703125 0.11728240740740742
