0 0.20520833333333333 0.5237662037037037 0.08072916666666667 0.10031018518518518
0 0.3359375 0.08796296296296297 0.052083333333333336 0.1388888888888889
0 0.20520833333333333 0.5237662037037037 0.08072916666666667 0.10031018518518518
0 0.3359375 0.08796296296296297 0.052083333333333336 0.1388888888888889
0 0.20520833333333333 0.5237662037037037 0.08072916666666667 0.10031018518518518
0 0.3359375 0.08796296296296297 0.052083333333333336 0.1388888888888889
0 0.20520833333333333 0.5237662037037037 0.08072916666666667 0.10031018518518518
0 0.3359375 0.08796296296296297 0.052083333333333336 0.1388888888888889
0 0.20520833333333333 0.5237662037037037 0.08072916666666667 0.10031018518518518
0 0.3359375 0.08796296296296297 0.052083333333333336 0.1388888888888889
0 0.20520833333333333 0.5237662037037037 0.08072916666666667 0.10031018518518518
0 0.3359375 0.08796296296296297 0.052083333333333336 0.1388888888888889
0 0.20520833333333333 0.5237662037037037 0.08072916666666667 0.10031018518518518
0 0.3359375 0.08796296296296297 0.052083333333333336 0.1388888888888889
0 0.20520833333333333 0.5237662037037037 0.08072916666666667 0.10031018518518518
0 0.3359375 0.08796296296296297 0.052083333333333336 0.1388888888888889
0 0.20520833333333333 0.5237662037037037 0.08072916666666667 0.10031018518518518
0 0.3359375 0.08796296296296297 0.052083333333333336 0.1388888888888889
