0 0.46649348958333337 0.4774699074074074 0.07204947916666667 0.11882870370370371
0 0.47352473958333335 0.9259259259259259 0.056424479166666666 0.14814814814814814
0 0.46649348958333337 0.4774699074074074 0.07204947916666667 0.11882870370370371
0 0.47352473958333335 0.9259259259259259 0.056424479166666666 0.14814814814814814
0 0.46649348958333337 0.4774699074074074 0.07204947916666667 0.11882870370370371
0 0.47352473958333335 0.9259259259259259 0.056424479166666666 0.14814814814814814
0 0.46649348958333337 0.4774699074074074 0.07204947916666667 0.11882870370370371
0 0.47352473958333335 0.9259259259259259 0.056424479166666666 0.14814814814814814
0 0.46649348958333337 0.4774699074074074 0.07204947916666667 0.11882870370370371
0 0.47352473958333335 0.9259259259259259 0.056424479166666666 0.14814814814814814
0 0.46649348958333337 0.4774699074074074 0.07204947916666667 0.11882870370370371
0 0.47352473958333335 0.9259259259259259 0.056424479166666666 0.14814814814814814
0 0.46649348958333337 0.4774699074074074 0.07204947916666667 0.11882870370370371
0 0.47352473958333335 0.9259259259259259 0.056424479166666666 0.14814814814814814
0 0.46649348958333337 0.4774699074074074 0.07204947916666667 0.11882870370370371
0 0.47352473958333335 0.9259259259259259 0.056424479166666666 0.14814814814814814
0 0.46649348958333337 0.4774699074074074 0.07204947916666667 0.11882870370370371
0 0.47352473958333335 0.9259259259259259 0.056424479166666666 0.14814814814814814
