0 0.22300390625000002 0.6233032407407407 0.048611979166666666 0.12345833333333334
0 0.73871484375 0.6302476851851851 0.045138020833333334 0.10956944444444444
0 0.90191015625 0.18996990740740743 0.048611979166666666 0.12345833333333334
0 0.22300390625000002 0.6233032407407407 0.048611979166666666 0.12345833333333334
0 0.73871484375 0.6302476851851851 0.045138020833333334 0.10956944444444444
0 0.90191015625 0.18996990740740743 0.048611979166666666 0.12345833333333334
0 0.22300390625000002 0.6233032407407407 0.048611979166666666 0.12345833333333334
0 0.73871484375 0.6302476851851851 0.045138020833333334 0.10956944444444444
0 0.90191015625 0.18996990740740743 0.048611979166666666 0.12345833333333334
0 0.22300390625000002 0.6233032407407407 0.048611979166666666 0.12345833333333334
0 0.73871484375 0.6302476851851851 0.045138020833333334 0.10956944444444444
0 0.90191015625 0.18996990740740743 0.048611979166666666 0.12345833333333334
0 0.22300390625000002 0.6233032407407407 0.048611979166666666 0.12345833333333334
0 0.73871484375 0.6302476851851851 0.045138020833333334 0.10956944444444444
0 0.90191015625 0.18996990740740743 0.048611979166666666 0.12345833333333334
0 0.22300390625000002 0.6233032407407407 0.048611979166666666 0.12345833333333334
0 0.73871484375 0.6302476851851851 0.045138020833333334 0.10956944444444444
0 0.90191015625 0.18996990740740743 0.048611979166666666 0.12345833333333334
0 0.22300390625000002 0.6233032407407407 0.048611979166666666 0.12345833333333334
0 0.73871484375 0.6302476851851851 0.045138020833333334 0.10956944444444444
0 0.90191015625 0.18996990740740743 0.048611979166666666 0.12345833333333334
0 0.22300390625000002 0.6233032407407407 0.048611979166666666 0.12345833333333334
0 0.73871484375 0.6302476851851851 0.045138020833333334 0.10956944444444444
0 0.90191015625 0.18996990740740743 0.048611979166666666 0.12345833333333334
0 0.22300390625000002 0.6233032407407407 0.048611979166666666 0.12345833333333334
0 0.73871484375 0.6302476851851851 0.045138020833333334 0.10956944444444444
0 0.90191015625 0.18996990740740743 0.048611979166666666 0.12345833333333334
