0 0.20668359374999998 0.29614120370370367 0.08159635416666666 0.0987638888888889
0 0.5122395833333333 0.5307106481481482 0.078125 0.09568055555555555
0 0.8446184895833333 0.5037037037037037 0.053820312499999995 0.09722222222222222
0 0.20668359374999998 0.29614120370370367 0.08159635416666666 0.0987638888888889
0 0.5122395833333333 0.5307106481481482 0.078125 0.09568055555555555
0 0.8446184895833333 0.5037037037037037 0.053820312499999995 0.09722222222222222
0 0.20668359374999998 0.29614120370370367 0.08159635416666666 0.0987638888888889
0 0.5122395833333333 0.5307106481481482 0.078125 0.09568055555555555
0 0.8446184895833333 0.5037037037037037 0.053820312499999995 0.09722222222222222
0 0.20668359374999998 0.29614120370370367 0.08159635416666666 0.0987638888888889
0 0.5122395833333333 0.5307106481481482 0.078125 0.09568055555555555
0 0.8446184895833333 0.5037037037037037 0.053820312499999995 0.09722222222222222
0 0.20668359374999998 0.29614120370370367 0.08159635416666666 0.0987638888888889
0 0.5122395833333333 0.5307106481481482 0.078125 0.09568055555555555
0 0.8446184895833333 0.5037037037037037 0.053820312499999995 0.09722222222222222
0 0.20668359374999998 0.29614120370370367 0.08159635416666666 0.0987638888888889
0 0.5122395833333333 0.5307106481481482 0.078125 0.09568055555555555
0 0.8446184895833333 0.5037037037037037 0.053820312499999995 0.09722222222222222
0 0.20668359374999998 0.29614120370370367 0.08159635416666666 0.0987638888888889
0 0.5122395833333333 0.5307106481481482 0.078125 0.09568055555555555
0 0.8446184895833333 0.5037037037037037 0.053820312499999995 0.09722222222222222
0 0.20668359374999998 0.29614120370370367 0.08159635416666666 0.0987638888888889
0 0.5122395833333333 0.5307106481481482 0.078125 0.09568055555555555
0 0.8446184895833333 0.5037037037037037 0.053820312499999995 0.09722222222222222
0 0.20668359374999998 0.29614120370370367 0.08159635416666666 0.0987638888888889
0 0.5122395833333333 0.5307106481481482 0.078125 0.09568055555555555
0 0.8446184895833333 0.5037037037037037 0.053820312499999995 0.09722222222222222
