0 0.14965234375 0.17916666666666667 0.05815885416666667 0.09259259259259259
0 0.8814231770833333 0.4513888888888889 0.09982552083333333 0.14351851851851852
0 0.14965234375 0.17916666666666667 0.05815885416666667 0.09259259259259259
0 0.8814231770833333 0.4513888888888889 0.09982552083333333 0.14351851851851852
0 0.14965234375 0.17916666666666667 0.05815885416666667 0.09259259259259259
0 0.8814231770833333 0.4513888888888889 0.09982552083333333 0.14351851851851852
0 0.14965234375 0.17916666666666667 0.05815885416666667 0.09259259259259259
0 0.8814231770833333 0.4513888888888889 0.09982552083333333 0.14351851851851852
0 0.14965234375 0.17916666666666667 0.05815885416666667 0.09259259259259259
0 0.8814231770833333 0.4513888888888889 0.09982552083333333 0.14351851851851852
0 0.14965234375 0.17916666666666667 0.05815885416666667 0.09259259259259259
0 0.8814231770833333 0.4513888888888889 0.09982552083333333 0.14351851851851852
0 0.14965234375 0.17916666666666667 0.05815885416666667 0.09259259259259259
0 0.8814231770833333 0.4513888888888889 0.09982552083333333 0.14351851851851852
0 0.14965234375 0.17916666666666667 0.05815885416666667 0.09259259259259259
0 0.8814231770833333 0.4513888888888889 0.09982552083333333 0.14351851851851852
0 0.14965234375 0.17916666666666667 0.05815885416666667 0.09259259259259259
0 0.8814231770833333 0.4513888888888889 0.09982552083333333 0.14351851851851852
