0 0.19115120274914088 0.3146453089244851 0.05369415807560137 0.05148741418764302
0 0.8306486254295533 0.31965102974828374 0.0547680412371134 0.0929633867276888
0 0.8591065292096219 0.9425057208237986 0.07087628865979381 0.07151029748283753
0 0.19115120274914088 0.3146453089244851 0.05369415807560137 0.05148741418764302
0 0.8306486254295533 0.31965102974828374 0.0547680412371134 0.0929633867276888
0 0.8591065292096219 0.9425057208237986 0.07087628865979381 0.07151029748283753
0 0.19115120274914088 0.3146453089244851 0.05369415807560137 0.05148741418764302
0 0.8306486254295533 0.31965102974828374 0.0547680412371134 0.0929633867276888
0 0.8591065292096219 0.9425057208237986 0.07087628865979381 0.07151029748283753
0 0.19115120274914088 0.3146453089244851 0.05369415807560137 0.05148741418764302
0 0.8306486254295533 0.31965102974828374 0.0547680412371134 0.0929633867276888
0 0.8591065292096219 0.9425057208237986 0.07087628865979381 0.07151029748283753
0 0.19115120274914088 0.3146453089244851 0.05369415807560137 0.05148741418764302
0 0.8306486254295533 0.31965102974828374 0.0547680412371134 0.0929633867276888
0 0.8591065292096219 0.9425057208237986 0.07087628865979381 0.07151029748283753
0 0.19115120274914088 0.3146453089244851 0.05369415807560137 0.05148741418764302
0 0.8306486254295533 0.31965102974828374 0.0547680412371134 0.0929633867276888
0 0.8591065292096219 0.9425057208237986 0.07087628865979381 0.07151029748283753
0 0.19115120274914088 0.3146453089244851 0.05369415807560137 0.05148741418764302
0 0.8306486254295533 0.31965102974828374 0.0547680412371134 0.0929633867276888
0 0.8591065292096219 0.9425057208237986 0.07087628865979381 0.07151029748283753
0 0.19115120274914088 0.3146453089244851 0.05369415807560137 0.05148741418764302
0 0.8306486254295533 0.31965102974828374 0.0547680412371134 0.0929633867276888
0 0.8591065292096219 0.9425057208237986 0.07087628865979381 0.07151029748283753
0 0.19115120274914088 0.3146453089244851 0.05369415807560137 0.05148741418764302
0 0.8306486254295533 0.31965102974828374 0.0547680412371134 0.0929633867276888
0 0.8591065292096219 0.9425057208237986 0.07087628865979381 0.07151029748283753
