0 0.15625 0.6679061784897025 0.078393470790378 0.09153318077803203
0 0.3484750859106529 0.6614702517162472 0.035438144329896906 0.07008009153318077
0 0.742053264604811 0.6571796338672768 0.10094501718213059 0.0929633867276888
0 0.15625 0.6679061784897025 0.078393470790378 0.09153318077803203
0 0.3484750859106529 0.6614702517162472 0.035438144329896906 0.07008009153318077
0 0.742053264604811 0.6571796338672768 0.10094501718213059 0.0929633867276888
0 0.15625 0.6679061784897025 0.078393470790378 0.09153318077803203
0 0.3484750859106529 0.6614702517162472 0.035438144329896906 0.07008009153318077
0 0.742053264604811 0.6571796338672768 0.10094501718213059 0.0929633867276888
0 0.15625 0.6679061784897025 0.078393470790378 0.09153318077803203
0 0.3484750859106529 0.6614702517162472 0.035438144329896906 0.07008009153318077
0 0.742053264604811 0.6571796338672768 0.10094501718213059 0.0929633867276888
0 0.15625 0.6679061784897025 0.078393470790378 0.09153318077803203
0 0.3484750859106529 0.6614702517162472 0.035438144329896906 0.07008009153318077
0 0.742053264604811 0.6571796338672768 0.10094501718213059 0.0929633867276888
0 0.15625 0.6679061784897025 0.078393470790378 0.09153318077803203
0 0.3484750859106529 0.6614702517162472 0.035438144329896906 0.07008009153318077
0 0.742053264604811 0.6571796338672768 0.10094501718213059 0.0929633867276888
0 0.15625 0.6679061784897025 0.078393470790378 0.09153318077803203
0 0.3484750859106529 0.6614702517162472 0.035438144329896906 0.07008009153318077
0 0.742053264604811 0.6571796338672768 0.10094501718213059 0.0929633867276888
0 0.15625 0.6679061784897025 0.078393470790378 0.09153318077803203
0 0.3484750859106529 0.6614702517162472 0.035438144329896906 0.07008009153318077
0 0.742053264604811 0.6571796338672768 0.10094501718213059 0.0929633867276888
0 0.15625 0.6679061784897025 0.078393470790378 0.09153318077803203
0 0.3484750859106529 0.6614702517162472 0.035438144329896906 0.07008009153318077
0 0.742053264604811 0.6571796338672768 0.10094501718213059 0.0929633867276888
