0 0.663122852233677 0.6929347826086957 0.05262027491408935 0.08438215102974829
0 0.1718213058419244 0.05077231121281465 0.0665807560137457 0.09010297482837529
0 0.3640463917525773 0.04433638443935927 0.0665807560137457 0.07151029748283753
0 0.583118556701031 0.10297482837528604 0.08161512027491409 0.07723112128146453
0 0.7662156357388317 0.03360983981693364 0.07624570446735396 0.06721967963386728
0 0.5041881443298969 0.031464530892448515 0.04832474226804124 0.06292906178489703
0 0.5272766323024055 0.1709096109839817 0.04725085910652921 0.07008009153318077
0 0.47465635738831613 0.16733409610983982 0.05798969072164949 0.08581235697940504
0 0.3742482817869416 0.23955949656750572 0.0547680412371134 0.06721967963386728
0 0.4214991408934708 0.2202517162471396 0.05906357388316151 0.07437070938215103
0 0.4214991408934708 0.295337528604119 0.04832474226804124 0.09010297482837529
0 0.663122852233677 0.6929347826086957 0.05262027491408935 0.08438215102974829
0 0.1718213058419244 0.05077231121281465 0.0665807560137457 0.09010297482837529
0 0.3640463917525773 0.04433638443935927 0.0665807560137457 0.07151029748283753
0 0.583118556701031 0.10297482837528604 0.08161512027491409 0.07723112128146453
0 0.7662156357388317 0.03360983981693364 0.07624570446735396 0.06721967963386728
0 0.5041881443298969 0.031464530892448515 0.04832474226804124 0.06292906178489703
0 0.5272766323024055 0.1709096109839817 0.04725085910652921 0.07008009153318077
0 0.47465635738831613 0.16733409610983982 0.05798969072164949 0.08581235697940504
0 0.3742482817869416 0.23955949656750572 0.0547680412371134 0.06721967963386728
0 0.4214991408934708 0.2202517162471396 0.05906357388316151 0.07437070938215103
0 0.4214991408934708 0.295337528604119 0.04832474226804124 0.09010297482837529
0 0.663122852233677 0.6929347826086957 0.05262027491408935 0.08438215102974829
0 0.1718213058419244 0.05077231121281465 0.0665807560137457 0.09010297482837529
0 0.3640463917525773 0.04433638443935927 0.0665807560137457 0.07151029748283753
0 0.583118556701031 0.10297482837528604 0.08161512027491409 0.07723112128146453
0 0.7662156357388317 0.03360983981693364 0.07624570446735396 0.06721967963386728
0 0.5041881443298969 0.031464530892448515 0.04832474226804124 0.06292906178489703
0 0.5272766323024055 0.1709096109839817 0.04725085910652921 0.07008009153318077
0 0.47465635738831613 0.16733409610983982 0.05798969072164949 0.08581235697940504
0 0.3742482817869416 0.23955949656750572 0.0547680412371134 0.06721967963386728
0 0.4214991408934708 0.2202517162471396 0.05906357388316151 0.07437070938215103
0 0.4214991408934708 0.295337528604119 0.04832474226804124 0.09010297482837529
0 0.663122852233677 0.6929347826086957 0.05262027491408935 0.08438215102974829
0 0.1718213058419244 0.05077231121281465 0.0665807560137457 0.09010297482837529
0 0.3640463917525773 0.04433638443935927 0.0665807560137457 0.07151029748283753
0 0.583118556701031 0.10297482837528604 0.08161512027491409 0.07723112128146453
0 0.7662156357388317 0.03360983981693364 0.07624570446735396 0.06721967963386728
0 0.5041881443298969 0.031464530892448515 0.04832474226804124 0.06292906178489703
0 0.5272766323024055 0.1709096109839817 0.04725085910652921 0.07008009153318077
0 0.47465635738831613 0.16733409610983982 0.05798969072164949 0.08581235697940504
0 0.3742482817869416 0.23955949656750572 0.0547680412371134 0.06721967963386728
0 0.4214991408934708 0.2202517162471396 0.05906357388316151 0.07437070938215103
0 0.4214991408934708 0.295337528604119 0.04832474226804124 0.09010297482837529
0 0.663122852233677 0.6929347826086957 0.05262027491408935 0.08438215102974829
0 0.1718213058419244 0.05077231121281465 0.0665807560137457 0.09010297482837529
0 0.3640463917525773 0.04433638443935927 0.0665807560137457 0.07151029748283753
0 0.583118556701031 0.10297482837528604 0.08161512027491409 0.07723112128146453
0 0.7662156357388317 0.03360983981693364 0.07624570446735396 0.06721967963386728
0 0.5041881443298969 0.031464530892448515 0.04832474226804124 0.06292906178489703
0 0.5272766323024055 0.1709096109839817 0.04725085910652921 0.07008009153318077
0 0.47465635738831613 0.16733409610983982 0.05798969072164949 0.08581235697940504
0 0.3742482817869416 0.23955949656750572 0.0547680412371134 0.06721967963386728
0 0.4214991408934708 0.2202517162471396 0.05906357388316151 0.07437070938215103
0 0.4214991408934708 0.295337528604119 0.04832474226804124 0.09010297482837529
0 0.663122852233677 0.6929347826086957 0.05262027491408935 0.08438215102974829
0 0.1718213058419244 0.05077231121281465 0.0665807560137457 0.09010297482837529
0 0.3640463917525773 0.04433638443935927 0.0665807560137457 0.07151029748283753
0 0.583118556701031 0.10297482837528604 0.08161512027491409 0.07723112128146453
0 0.7662156357388317 0.03360983981693364 0.07624570446735396 0.06721967963386728
0 0.5041881443298969 0.031464530892448515 0.04832474226804124 0.06292906178489703
0 0.5272766323024055 0.1709096109839817 0.04725085910652921 0.07008009153318077
0 0.47465635738831613 0.16733409610983982 0.05798969072164949 0.08581235697940504
0 0.3742482817869416 0.23955949656750572 0.0547680412371134 0.06721967963386728
0 0.4214991408934708 0.2202517162471396 0.05906357388316151 0.07437070938215103
0 0.4214991408934708 0.295337528604119 0.04832474226804124 0.09010297482837529
0 0.663122852233677 0.6929347826086957 0.05262027491408935 0.08438215102974829
0 0.1718213058419244 0.05077231121281465 0.0665807560137457 0.09010297482837529
0 0.3640463917525773 0.04433638443935927 0.0665807560137457 0.07151029748283753
0 0.583118556701031 0.10297482837528604 0.08161512027491409 0.07723112128146453
0 0.7662156357388317 0.03360983981693364 0.07624570446735396 0.06721967963386728
0 0.5041881443298969 0.031464530892448515 0.04832474226804124 0.06292906178489703
0 0.5272766323024055 0.1709096109839817 0.04725085910652921 0.07008009153318077
0 0.47465635738831613 0.16733409610983982 0.05798969072164949 0.08581235697940504
0 0.3742482817869416 0.23955949656750572 0.0547680412371134 0.06721967963386728
0 0.4214991408934708 0.2202517162471396 0.05906357388316151 0.07437070938215103
0 0.4214991408934708 0.295337528604119 0.04832474226804124 0.09010297482837529
0 0.663122852233677 0.6929347826086957 0.05262027491408935 0.08438215102974829
0 0.1718213058419244 0.05077231121281465 0.0665807560137457 0.09010297482837529
0 0.3640463917525773 0.04433638443935927 0.0665807560137457 0.07151029748283753
0 0.583118556701031 0.10297482837528604 0.08161512027491409 0.07723112128146453
0 0.7662156357388317 0.03360983981693364 0.07624570446735396 0.06721967963386728
0 0.5041881443298969 0.031464530892448515 0.04832474226804124 0.06292906178489703
0 0.5272766323024055 0.1709096109839817 0.04725085910652921 0.07008009153318077
0 0.47465635738831613 0.16733409610983982 0.05798969072164949 0.08581235697940504
0 0.3742482817869416 0.23955949656750572 0.0547680412371134 0.06721967963386728
0 0.4214991408934708 0.2202517162471396 0.05906357388316151 0.07437070938215103
0 0.4214991408934708 0.295337528604119 0.04832474226804124 0.09010297482837529
0 0.663122852233677 0.6929347826086957 0.05262027491408935 0.08438215102974829
0 0.1718213058419244 0.05077231121281465 0.0665807560137457 0.09010297482837529
0 0.3640463917525773 0.04433638443935927 0.0665807560137457 0.07151029748283753
0 0.583118556701031 0.10297482837528604 0.08161512027491409 0.07723112128146453
0 0.7662156357388317 0.03360983981693364 0.07624570446735396 0.06721967963386728
0 0.5041881443298969 0.031464530892448515 0.04832474226804124 0.06292906178489703
0 0.5272766323024055 0.1709096109839817 0.04725085910652921 0.07008009153318077
0 0.47465635738831613 0.16733409610983982 0.05798969072164949 0.08581235697940504
0 0.3742482817869416 0.23955949656750572 0.0547680412371134 0.06721967963386728
0 0.4214991408934708 0.2202517162471396 0.05906357388316151 0.07437070938215103
0 0.4214991408934708 0.295337528604119 0.04832474226804124 0.09010297482837529
